BJD - 2454833, Corrected Flux
2307.550152908, 0.995069293,
2307.570584876, 0.994918903,
2307.591016944, 0.994895060,
2307.611448812, 0.994705430,
2307.631880779, 0.994718787,
2307.652312846, 0.994605980,
2307.672744712, 0.994448514,
2307.693176678, 0.994471084,
2307.713608743, 0.994117792,
2307.734040608, 0.994388789,
2307.754472673, 0.994199032,
2307.774904637, 0.994172323,
2307.795336501, 0.994192567,
2307.815768565, 0.993898999,
2307.836200528, 0.993986714,
2307.856632391, 0.993873405,
2307.877064453, 0.993788275,
2307.897496416, 0.993860054,
2307.917928377, 0.993717653,
2307.938360339, 0.993580244,
2307.958792300, 0.993514126,
2307.979224260, 0.993608605,
2307.999656220, 0.993450699,
2308.020088180, 0.993561017,
2308.040520139, 0.993266255,
2308.060952198, 0.993416519,
2308.081384057, 0.993435973,
2308.101816115, 0.993100261,
2308.122247973, 0.993357127,
2308.142679930, 0.992987554,
2308.163111987, 0.992978003,
2308.183543844, 0.993043827,
2308.203975800, 0.993192324,
2308.224407856, 0.992991982,
2308.244839712, 0.992813535,
2308.265271667, 0.993037852,
2308.285703722, 0.992747249,
2308.306135576, 0.992792481,
2308.326567530, 0.992923857,
2308.346999584, 0.992798458,
2308.367431437, 0.992565391,
2308.387863390, 0.992730479,
2308.408295442, 0.992688795,
2308.428727394, 0.992457822,
2308.449159246, 0.992586834,
2308.469591298, 0.992579827,
2308.490023249, 0.992614946,
2308.530887149, 0.992468729,
2308.551319100, 0.992406114,
2308.571751049, 0.992537644,
2308.592182998, 0.992408492,
2308.612614947, 0.992461337,
2308.633046995, 0.992318294,
2308.653478843, 0.992490731,
2308.673910791, 0.992251104,
2308.694342838, 0.992113018,
2308.714774685, 0.992311214,
2308.735206631, 0.992373829,
2308.755638677, 0.992349085,
2308.776070523, 0.992211783,
2308.796502468, 0.992288335,
2308.816934513, 0.992228097,
2308.837366358, 0.992011061,
2308.857798302, 0.991984289,
2308.878230346, 0.992260822,
2308.898662189, 0.992107028,
2308.919094232, 0.992164434,
2308.939526075, 0.992049508,
2308.959958017, 0.992193948,
2308.980390059, 0.991987229,
2309.000822001, 0.991919380,
2309.021253842, 0.991814057,
2309.041685883, 0.991939733,
2309.062117823, 0.992190745,
2309.082549664, 0.991966171,
2309.102981703, 0.992160632,
2309.123413643, 0.991908400,
2309.143845482, 0.992007800,
2309.164277520, 0.991958586,
2309.184709459, 0.992000181,
2309.205141296, 0.991890524,
2309.225573334, 0.991837263,
2309.246005271, 0.991656343,
2309.266437208, 0.991997916,
2309.286869144, 0.992013889,
2309.307301080, 0.991843526,
2309.327733016, 0.991893335,
2309.348164951, 0.991755220,
2309.368596886, 0.991804366,
2309.389028920, 0.991724966,
2309.409460755, 0.991816482,
2309.429892688, 0.991756429,
2309.450324722, 0.991677237,
2309.470756655, 0.992098514,
2309.511620520, 0.991627410,
2309.532052452, 0.991618735,
2309.552484283, 0.991725250,
2309.572916315, 0.991864881,
2309.593348246, 0.991746615,
2309.613780076, 0.991717611,
2309.634212106, 0.991664501,
2309.654643936, 0.991691914,
2309.675075865, 0.991659582,
2309.695507894, 0.991577154,
2309.715939723, 0.991571700,
2309.736371651, 0.991605637,
2309.756803679, 0.991672966,
2309.777235507, 0.991629965,
2309.797667434, 0.991709125,
2309.818099461, 0.991579984,
2309.838531387, 0.991486318,
2309.858963313, 0.991566321,
2309.879395239, 0.991558464,
2309.899827164, 0.991629525,
2309.920259189, 0.991478665,
2309.940691014, 0.991523023,
2309.961122938, 0.991502351,
2309.981554962, 0.991509459,
2310.001986786, 0.991606915,
2310.022418709, 0.991555838,
2310.042850732, 0.991473533,
2310.063282554, 0.991570908,
2310.083714476, 0.991509042,
2310.104146498, 0.991646613,
2310.124578319, 0.991488222,
2310.145010240, 0.991417865,
2310.165442261, 0.991611808,
2310.185874081, 0.991404302,
2310.206306001, 0.991342181,
2310.226738021, 0.991540885,
2310.247169840, 0.991420001,
2310.267601759, 0.991229022,
2310.288033777, 0.991293711,
2310.308465696, 0.991596241,
2310.328897613, 0.991627147,
2310.349329531, 0.991367375,
2310.369761348, 0.991808033,
2310.390193364, 0.991701047,
2310.410625281, 0.991836369,
2310.431057097, 0.991498015,
2310.451489112, 0.991452380,
2310.492352842, 0.991468660,
2310.512784857, 0.991499202,
2310.533216771, 0.991696531,
2310.553648585, 0.991376608,
2310.574080599, 0.991605383,
2310.594512512, 0.991477756,
2310.614944324, 0.991421282,
2310.635376337, 0.991529076,
2310.655808249, 0.991407134,
2310.676240161, 0.991449901,
2310.696672072, 0.991555457,
2310.737535893, 0.991276958,
2310.757967904, 0.991571708,
2310.778399714, 0.991488394,
2310.798831623, 0.991541506,
2310.819263632, 0.991548963,
2310.839695441, 0.991380560,
2310.860127450, 0.991477626,
2310.880559358, 0.991640472,
2310.900991166, 0.991513848,
2310.921423173, 0.991406470,
2310.941855080, 0.991463093,
2310.962286887, 0.991498437,
2310.982718893, 0.991366545,
2311.003150799, 0.991654544,
2311.023582605, 0.991380965,
2311.044014610, 0.991262021,
2311.064446515, 0.991628770,
2311.084878320, 0.991541773,
2311.105310324, 0.991753537,
2311.125742228, 0.991592860,
2311.146174031, 0.991787789,
2311.166606035, 0.991437422,
2311.187037938, 0.991668188,
2311.227901742, 0.991779093,
2311.248333644, 0.991591119,
2311.268765445, 0.991492333,
2311.289197446, 0.991437880,
2311.309629347, 0.991547270,
2311.330061148, 0.991662770,
2311.350493148, 0.991559158,
2311.370925048, 0.991556096,
2311.391357047, 0.991468781,
2311.411788846, 0.991699265,
2311.432220744, 0.991432601,
2311.452652743, 0.991455015,
2311.473084541, 0.991708210,
2311.493516438, 0.991457600,
2311.513948436, 0.991651529,
2311.534380233, 0.991525511,
2311.554812129, 0.991589084,
2311.575244125, 0.991663977,
2311.595676021, 0.991606014,
2311.616107817, 0.991834537,
2311.636539812, 0.991713292,
2311.656971707, 0.991806746,
2311.677403501, 0.991744833,
2311.718267389, 0.991737891,
2311.738699183, 0.991683780,
2311.759131176, 0.991670751,
2311.779563069, 0.991816849,
2311.799994861, 0.991520853,
2311.820426853, 0.991631157,
2311.840858745, 0.991654222,
2311.861290636, 0.991574239,
2311.881722527, 0.991538808,
2311.902154318, 0.991434407,
2311.922586308, 0.991564618,
2311.943018198, 0.991780804,
2311.963449988, 0.991787875,
2311.983881977, 0.991598977,
2312.004313866, 0.991785953,
2312.024745755, 0.991524983,
2312.045177643, 0.991143359,
2312.065609531, 0.991200593,
2312.086041419, 0.990246995,
2312.106473306, 0.990615986,
2312.126905193, 0.990773444,
2312.147337080, 0.990896352,
2312.208632738, 0.991693860,
2312.229064723, 0.991608203,
2312.249496508, 0.991550445,
2312.269928392, 0.991744415,
2312.290360377, 0.991668625,
2312.310792160, 0.991448219,
2312.331224044, 0.991689979,
2312.351656027, 0.991558769,
2312.372087810, 0.991534547,
2312.392519793, 0.991651284,
2312.412951675, 0.991383044,
2312.453815438, 0.991738519,
2312.474247319, 0.991584134,
2312.494679200, 0.991746348,
2312.515111081, 0.991799934,
2312.535542961, 0.991744421,
2312.555974841, 0.991696128,
2312.576406720, 0.991624690,
2312.596838599, 0.991608351,
2312.617270378, 0.991961172,
2312.637702357, 0.992041930,
2312.658134235, 0.991917169,
2312.678566013, 0.991655501,
2312.698997990, 0.991918121,
2312.719429868, 0.991758333,
2312.739861644, 0.991817177,
2312.760293621, 0.991702369,
2312.780725497, 0.991865023,
2312.801157273, 0.991796460,
2312.821589248, 0.991863029,
2312.842021123, 0.991721838,
2312.862452998, 0.991916451,
2312.882884873, 0.991815913,
2312.903316747, 0.991925515,
2312.923748721, 0.991954844,
2312.944180494, 0.991773498,
2312.964612367, 0.991948663,
2312.985044340, 0.991855678,
2313.005476213, 0.991881028,
2313.025907985, 0.991718242,
2313.046339957, 0.991867980,
2313.066771828, 0.991885603,
2313.087203599, 0.991722625,
2313.107635570, 0.991709138,
2313.128067441, 0.991744789,
2313.148499211, 0.991656487,
2313.189363050, 0.992006248,
2313.209794820, 0.991913721,
2313.230226788, 0.992047923,
2313.250658657, 0.992068217,
2313.271090525, 0.992002841,
2313.291522393, 0.991945406,
2313.311954261, 0.991999804,
2313.332386128, 0.992056998,
2313.352817995, 0.991792794,
2313.373249861, 0.992006972,
2313.393681628, 0.992063030,
2313.434545459, 0.991982468,
2313.454977324, 0.991981089,
2313.475409189, 0.991883935,
2313.495841054, 0.992013651,
2313.516273018, 0.991947591,
2313.536704782, 0.992056475,
2313.557136646, 0.992157925,
2313.577568609, 0.992100222,
2313.598000372, 0.992088655,
2313.618432235, 0.992029620,
2313.638864197, 0.992200473,
2313.659295959, 0.992262301,
2313.679727821, 0.992194506,
2313.700159782, 0.991975582,
2313.720591543, 0.992104510,
2313.741023404, 0.992091210,
2313.761455364, 0.992068427,
2313.781887124, 0.992161843,
2313.802318984, 0.992093001,
2313.822750943, 0.992142115,
2313.843182802, 0.992083017,
2313.863614561, 0.992122596,
2313.884046519, 0.991945854,
2313.904478378, 0.992089242,
2313.924910235, 0.992147474,
2313.945342093, 0.991869701,
2313.965773950, 0.992209572,
2313.986205807, 0.992078637,
2314.006637664, 0.992178403,
2314.027069520, 0.992385436,
2314.047501375, 0.992537439,
2314.067933231, 0.993086180,
2314.088365086, 0.993089742,
2314.108796941, 0.993123407,
2314.129228796, 0.992330092,
2314.170092504, 0.992401358,
2314.190524358, 0.992311107,
2314.210956211, 0.992231605,
2314.231388064, 0.992265723,
2314.251819917, 0.992219292,
2314.272251769, 0.992300198,
2314.292683621, 0.992501121,
2314.313115473, 0.992103243,
2314.333547324, 0.992270356,
2314.353979275, 0.992122520,
2314.374411026, 0.992220711,
2314.415274827, 0.992244711,
2314.435706577, 0.992435361,
2314.456138526, 0.992390848,
2314.476570375, 0.992343052,
2314.497002124, 0.992319887,
2314.517434073, 0.992664935,
2314.537865921, 0.992368200,
2314.558297669, 0.992405232,
2314.578729617, 0.992440763,
2314.599161464, 0.992378609,
2314.619593211, 0.992429616,
2314.640025158, 0.992589733,
2314.660457004, 0.992323123,
2314.680888850, 0.992513481,
2314.701320696, 0.992677688,
2314.721752541, 0.992371043,
2314.742184386, 0.992612981,
2314.762616231, 0.992653467,
2314.783048075, 0.992674362,
2314.803479920, 0.992535941,
2314.823911763, 0.992539325,
2314.844343607, 0.992466365,
2314.864775350, 0.992606873,
2314.905639136, 0.992598062,
2314.926071078, 0.992409994,
2314.946502820, 0.992514051,
2314.966934662, 0.992591373,
2314.987366603, 0.992697975,
2315.007798344, 0.992457992,
2315.028230185, 0.992469910,
2315.048662125, 0.992563502,
2315.069093866, 0.992644391,
2315.089525705, 0.992601453,
2315.109957645, 0.992698842,
2315.130389384, 0.992787909,
2315.150821223, 0.992755665,
2315.171253161, 0.992726224,
2315.191685000, 0.992775874,
2315.212116738, 0.992795108,
2315.232548676, 0.992785325,
2315.252980513, 0.992836699,
2315.273412250, 0.992972775,
2315.293844187, 0.992911402,
2315.314276023, 0.992974207,
2315.334707759, 0.992856288,
2315.355139695, 0.992987195,
2315.396003466, 0.992811911,
2315.416435201, 0.992821522,
2315.436867035, 0.992904432,
2315.457298970, 0.992864071,
2315.477730704, 0.992655611,
2315.498162537, 0.992781829,
2315.518594371, 0.992722942,
2315.539026204, 0.992861264,
2315.559458036, 0.992547201,
2315.579889869, 0.992846887,
2315.600321701, 0.992766467,
2315.620753533, 0.992797640,
2315.641185364, 0.992912220,
2315.661617196, 0.992809071,
2315.682049027, 0.992802990,
2315.702480957, 0.992838904,
2315.722912688, 0.992786630,
2315.743344518, 0.992856615,
2315.763776447, 0.992867992,
2315.784208177, 0.993003284,
2315.804640006, 0.992992635,
2315.825071935, 0.993207894,
2315.845503663, 0.993180503,
2315.886367419, 0.992884900,
2315.906799147, 0.992817486,
2315.927231074, 0.992828147,
2315.947662901, 0.993016682,
2315.968094628, 0.992795435,
2315.988526555, 0.992900647,
2316.008958381, 0.992805902,
2316.029390206, 0.992913281,
2316.070253857, 0.992823979,
2316.090685682, 0.993302952,
2316.111117507, 0.993036102,
2316.131549331, 0.993082045,
2316.151981155, 0.992867457,
2316.172413079, 0.992928215,
2316.192844802, 0.992942184,
2316.213276625, 0.992958935,
2316.233708448, 0.992972220,
2316.254140271, 0.993011923,
2316.274571993, 0.993142164,
2316.295003915, 0.992936964,
2316.315435737, 0.992987033,
2316.335867658, 0.993005340,
2316.376731200, 0.993065872,
2316.397163120, 0.993014534,
2316.417594840, 0.992953732,
2316.438026660, 0.993182091,
2316.458458580, 0.993113440,
2316.478890299, 0.993038011,
2316.499322118, 0.993026367,
2316.519754037, 0.993244476,
2316.540185855, 0.993182912,
2316.560617573, 0.992951272,
2316.581049491, 0.993137310,
2316.601481309, 0.993156099,
2316.621913026, 0.993198560,
2316.642344943, 0.993087455,
2316.662776760, 0.992864385,
2316.683208476, 0.993204753,
2316.703640392, 0.993117024,
2316.724072208, 0.993203348,
2316.744503923, 0.992946635,
2316.764935839, 0.992383163,
2316.785367654, 0.991969344,
2316.805799568, 0.992005504,
2316.826231282, 0.992179865,
2316.867095010, 0.992826779,
2316.948822162, 0.993108011,
2316.969253975, 0.993129194,
2316.989685887, 0.993144506,
2317.010117598, 0.993209875,
2317.030549410, 0.993295134,
2317.050981221, 0.993491169,
2317.071413032, 0.993312732,
2317.091844842, 0.993279420,
2317.112276753, 0.993189124,
2317.132708463, 0.993357104,
2317.153140272, 0.993099762,
2317.173572182, 0.993394164,
2317.194003891, 0.993067624,
2317.214435800, 0.993305706,
2317.234867608, 0.993243218,
2317.255299316, 0.993274509,
2317.275731224, 0.992914220,
2317.296163032, 0.993110223,
2317.316594740, 0.993162330,
2317.357458454, 0.993529731,
2317.377890260, 0.993381758,
2317.398322066, 0.993497391,
2317.418753872, 0.993376386,
2317.439185678, 0.993279545,
2317.459617483, 0.993218552,
2317.480049289, 0.993252906,
2317.500481093, 0.993493129,
2317.520912898, 0.993396231,
2317.541344702, 0.993260456,
2317.561776506, 0.993279030,
2317.582208410, 0.993116128,
2317.602640113, 0.993690114,
2317.623071917, 0.993554555,
2317.643503819, 0.993293571,
2317.663935522, 0.993351429,
2317.684367424, 0.993205866,
2317.704799226, 0.993231476,
2317.725230928, 0.993196446,
2317.745662830, 0.993010493,
2317.766094531, 0.993178718,
2317.786526332, 0.993174248,
2317.806958232, 0.993244740,
2317.847821733, 0.993440162,
2317.868253633, 0.993522135,
2317.888685332, 0.993359061,
2317.909117131, 0.993353306,
2317.929549030, 0.993373748,
2317.949980829, 0.993299236,
2317.970412527, 0.993397780,
2317.990844426, 0.993518696,
2318.011276223, 0.993389596,
2318.031707921, 0.993257440,
2318.052139818, 0.993328627,
2318.093003312, 0.993647957,
2318.113435208, 0.993546629,
2318.133867004, 0.993369316,
2318.154298900, 0.993474156,
2318.174730596, 0.993506068,
2318.195162391, 0.993459850,
2318.215594286, 0.993485292,
2318.236025981, 0.993444287,
2318.256457776, 0.993465865,
2318.276889670, 0.993416575,
2318.297321364, 0.993445442,
2318.358616744, 0.993568383,
2318.379048537, 0.993627447,
2318.399480430, 0.993438601,
2318.419912222, 0.993595514,
2318.440343914, 0.993484679,
2318.460775806, 0.993564899,
2318.481207497, 0.993664153,
2318.501639288, 0.993610263,
2318.522071179, 0.993894900,
2318.583366551, 0.993656664,
2318.603798241, 0.993747058,
2318.624230130, 0.993642804,
2318.644661919, 0.993910197,
2318.665093609, 0.993930905,
2318.685525497, 0.993770281,
2318.705957286, 0.993739954,
2318.726388974, 0.993651714,
2318.746820862, 0.993643169,
2318.767252650, 0.993759094,
2318.787684437, 0.993952057,
2318.828548011, 0.993744853,
2318.848979798, 0.993764295,
2318.869411684, 0.993837691,
2318.889843371, 0.993864240,
2318.910275156, 0.993835059,
2318.930707042, 0.994020049,
2318.951138727, 0.993761424,
2318.971570512, 0.994040151,
2318.992002397, 0.994042659,
2319.012434081, 0.993983183,
2319.032865966, 0.993902003,
2319.073729433, 0.994006855,
2319.094161317, 0.993900413,
2319.114593100, 0.994222387,
2319.135024783, 0.994039147,
2319.155456665, 0.994150643,
2319.175888348, 0.994053937,
2319.196320130, 0.994228129,
2319.216752012, 0.994188750,
2319.237183693, 0.994153426,
2319.257615475, 0.994060316,
2319.278047355, 0.994079707,
2319.298479136, 0.994151447,
2319.318910817, 0.994092229,
2319.339342697, 0.994035369,
2319.359774477, 0.994250424,
2319.380206157, 0.994307245,
2319.400638036, 0.993913038,
2319.421069815, 0.994060460,
2319.441501694, 0.994264103,
2319.461933373, 0.994195129,
2319.482365151, 0.994364804,
2319.502797029, 0.994163883,
2319.523228707, 0.993430597,
2319.564092362, 0.994194130,
2319.584524040, 0.994128964,
2319.604955817, 0.994341542,
2319.625387693, 0.994128124,
2319.645819369, 0.994110999,
2319.666251145, 0.994216976,
2319.686683021, 0.994192436,
2319.707114797, 0.994105533,
2319.727546472, 0.994251481,
2319.747978347, 0.994470117,
2319.768410122, 0.994393708,
2319.809273670, 0.994258252,
2319.829705444, 0.994233287,
2319.850137218, 0.994057124,
2319.870568992, 0.994301677,
2319.891000665, 0.994428413,
2319.911432538, 0.994140752,
2319.931864311, 0.994256486,
2319.952296083, 0.994428707,
2319.972727855, 0.994358755,
2319.993159627, 0.994377376,
2320.013591299, 0.994415227,
2320.034023170, 0.994261797,
2320.054454941, 0.994213020,
2320.074886612, 0.994340295,
2320.095318483, 0.994529659,
2320.115750253, 0.994423439,
2320.136182023, 0.994386600,
2320.156613793, 0.994367752,
2320.177045563, 0.994573171,
2320.197477332, 0.994490884,
2320.217909101, 0.994540034,
2320.238340870, 0.994749403,
2320.258772739, 0.994786179,
2320.299636175, 0.994116778,
2320.320068043, 0.994320689,
2320.340499811, 0.994113471,
2320.360931478, 0.994095979,
2320.381363345, 0.994318493,
2320.401795112, 0.994423838,
2320.422226779, 0.994555903,
2320.442658645, 0.994435012,
2320.463090411, 0.994299481,
2320.483522077, 0.994398829,
2320.503953943, 0.994576277,
2320.524385708, 0.994295691,
2320.544817473, 0.994502958,
2320.565249238, 0.994506475,
2320.585681003, 0.994526164,
2320.606112767, 0.994516667,
2320.626544531, 0.994639385,
2320.646976295, 0.994597469,
2320.667408058, 0.994610492,
2320.687839822, 0.994537144,
2320.708271585, 0.994712588,
2320.728703348, 0.994843475,
2320.749135110, 0.994354212,
2320.789998735, 0.994635339,
2320.810430397, 0.994412108,
2320.830862158, 0.994369083,
2320.851294020, 0.994344630,
2320.871725681, 0.994640979,
2320.892157442, 0.994373837,
2320.912589302, 0.994673478,
2320.933020963, 0.994440147,
2320.953452723, 0.994226239,
2320.973884583, 0.994431970,
2320.994316242, 0.994676717,
2321.014748002, 0.994905261,
2321.035179861, 0.994614318,
2321.055611520, 0.994735727,
2321.076043378, 0.994787791,
2321.096475137, 0.994802075,
2321.116906895, 0.994853174,
2321.137338653, 0.994999847,
2321.157770411, 0.994802506,
2321.178202168, 0.994498528,
2321.198633925, 0.994648654,
2321.219065682, 0.994629792,
2321.239497439, 0.994777250,
2321.280360952, 0.994765350,
2321.300792708, 0.994797521,
2321.321224563, 0.994870563,
2321.341656219, 0.994813591,
2321.362087974, 0.995033425,
2321.382519729, 0.994777951,
2321.402951484, 0.996175967,
2321.423383138, 0.994764594,
2321.443814993, 0.994834252,
2321.464246747, 0.994885297,
2321.484678601, 0.994874608,
2321.505110254, 0.994393639,
2321.525542008, 0.994018726,
2321.545973861, 0.994076316,
2321.566405514, 0.993948508,
2321.586837266, 0.994005441,
2321.607269119, 0.993988205,
2321.627700871, 0.994167837,
2321.648132523, 0.994785121,
2321.668564374, 0.994760204,
2321.688996126, 0.994874283,
2321.709427777, 0.995031350,
2321.729859628, 0.994999583,
2321.770723029, 0.995043266,
2321.791154879, 0.994966058,
2321.811586629, 0.995066889,
2321.832018279, 0.995013633,
2321.852450129, 0.994789084,
2321.872881878, 0.995089955,
2321.893313727, 0.995107178,
2321.913745376, 0.994974914,
2321.934177124, 0.995122227,
2321.954608973, 0.995034438,
2321.975040621, 0.995090967,
2321.995472369, 0.994812174,
2322.015904216, 0.995129977,
2322.036335864, 0.994968255,
2322.056767611, 0.995094754,
2322.077199358, 0.994947347,
2322.097631104, 0.994826942,
2322.118062851, 0.994840376,
2322.138494697, 0.994932171,
2322.158926343, 0.994703446,
2322.179358089, 0.994931396,
2322.199789935, 0.994853429,
2322.220221580, 0.995123012,
2322.261085170, 0.995084133,
2322.281516814, 0.995060966,
2322.301948659, 0.995237481,
2322.322380403, 0.995091438,
2322.342812047, 0.995221566,
2322.363243891, 0.995079331,
2322.383675634, 0.994956035,
2322.404107277, 0.995125818,
2322.424539120, 0.995128503,
2322.444970863, 0.995216160,
2322.465402606, 0.995122243,
2322.485834348, 0.995151011,
2322.506266090, 0.995244472,
2322.526697832, 0.995325620,
2322.547129574, 0.995086208,
2322.567561315, 0.995090306,
2322.587993056, 0.995237798,
2322.608424897, 0.995171569,
2322.628856538, 0.995191013,
2322.649288378, 0.995235822,
2322.669720119, 0.995180630,
2322.690151759, 0.995362728,
2322.710583599, 0.995247352,
2322.751446977, 0.995466713,
2322.771878817, 0.995485377,
2322.792310455, 0.995223144,
2322.812742194, 0.995266686,
2322.833174033, 0.995126231,
2322.853605671, 0.995422524,
2322.874037409, 0.995264784,
2322.894469247, 0.995401483,
2322.914900884, 0.995320271,
2322.935332622, 0.995376376,
2322.955764459, 0.995305480,
2322.976196196, 0.995362979,
2322.996627832, 0.995399927,
2323.017059669, 0.995378768,
2323.037491405, 0.995250331,
2323.057923141, 0.995436016,
2323.078354877, 0.995335888,
2323.098786612, 0.995418278,
2323.119218347, 0.995415364,
2323.139650083, 0.995538499,
2323.160081818, 0.995377467,
2323.180513652, 0.995389880,
2323.200945287, 0.995632365,
2323.241808855, 0.995348574,
2323.262240489, 0.995423581,
2323.282672222, 0.995486782,
2323.303104056, 0.995426458,
2323.323535689, 0.995454479,
2323.343967422, 0.995473245,
2323.364399254, 0.995421315,
2323.384830887, 0.995411490,
2323.405262619, 0.995416292,
2323.425694451, 0.995335093,
2323.446126183, 0.995772847,
2323.466557914, 0.995421840,
2323.486989646, 0.995440836,
2323.507421277, 0.995571501,
2323.527853108, 0.995498545,
2323.548284839, 0.995738092,
2323.568716469, 0.995502610,
2323.589148299, 0.995604549,
2323.609580029, 0.996104232,
2323.630011659, 0.995477278,
2323.650443489, 0.995324936,
2323.670875218, 0.995634382,
2323.691306847, 0.995651504,
2323.732170405, 0.995590877,
2323.752602034, 0.995603943,
2323.773033862, 0.995595149,
2323.813897418, 0.995710704,
2323.834329046, 0.995605262,
2323.854760773, 0.995664059,
2323.875192601, 0.995658913,
2323.895624228, 0.995702813,
2323.916055955, 0.995646469,
2323.936487781, 0.995612802,
2323.956919407, 0.995431792,
2323.977351134, 0.995467418,
2323.997782960, 0.995686030,
2324.018214685, 0.995636110,
2324.038646311, 0.995642407,
2324.059078136, 0.995801454,
2324.079509861, 0.995748662,
2324.099941486, 0.995885786,
2324.120373311, 0.995725686,
2324.140805035, 0.995760793,
2324.161236660, 0.995656334,
2324.181668484, 0.996023659,
2324.242963655, 0.995794570,
2324.263395378, 0.995846141,
2324.283827101, 0.995819710,
2324.304258824, 0.995686953,
2324.324690447, 0.995623277,
2324.345122269, 0.995831412,
2324.365553991, 0.995740882,
2324.385985713, 0.995691853,
2324.406417435, 0.995898930,
2324.426849157, 0.995841032,
2324.447280878, 0.995715057,
2324.467712699, 0.995825682,
2324.488144320, 0.995872545,
2324.508576041, 0.995829333,
2324.529007861, 0.995775802,
2324.549439482, 0.995808544,
2324.569871302, 0.995844201,
2324.590303022, 0.995899584,
2324.610734641, 0.995782157,
2324.631166461, 0.995941025,
2324.651598180, 0.995846285,
2324.672029799, 0.995958342,
2324.712893337, 0.995852823,
2324.733324955, 0.995716772,
2324.753756774, 0.995857876,
2324.774188492, 0.995730276,
2324.794620110, 0.995860983,
2324.815051927, 0.995878510,
2324.835483645, 0.995889816,
2324.855915362, 0.996022149,
2324.876347079, 0.995872077,
2324.896778796, 0.995932917,
2324.917210513, 0.995982963,
2324.937642329, 0.996030092,
2324.958073945, 0.995947276,
2324.978505661, 0.995977170,
2324.998937377, 0.996032867,
2325.019369093, 0.995965223,
2325.039800908, 0.995968814,
2325.060232523, 0.995982583,
2325.080664238, 0.996213712,
2325.101096053, 0.996094395,
2325.121527668, 0.995917683,
2325.141959383, 0.996343616,
2325.162391197, 0.996097085,
2325.203254525, 0.996152154,
2325.223686338, 0.995769009,
2325.244117952, 0.996018681,
2325.264549665, 0.995969100,
2325.284981478, 0.996032670,
2325.305413191, 0.996021156,
2325.325844903, 0.995953137,
2325.346276916, 0.995930137,
2325.366708628, 0.995858236,
2325.387140340, 0.995993841,
2325.407572052, 0.996218057,
2325.428003664, 0.995933850,
2325.448435475, 0.995864786,
2325.468867186, 0.995981400,
2325.489298798, 0.996086109,
2325.509730608, 0.996024841,
2325.530162319, 0.996044049,
2325.550593929, 0.996144916,
2325.571025740, 0.996027697,
2325.591457450, 0.996068760,
2325.611889060, 0.996144930,
2325.632320869, 0.996183419,
2325.652752579, 0.996206240,
2325.693615998, 0.996067978,
2325.714047706, 0.996171441,
2325.734479515, 0.996167385,
2325.754911124, 0.996258624,
2325.775342832, 0.996208094,
2325.795774640, 0.996265336,
2325.816206248, 0.996074695,
2325.836637956, 0.996166123,
2325.857069764, 0.996264094,
2325.877501471, 0.996242573,
2325.897933078, 0.996176864,
2325.918364885, 0.995994787,
2325.938796592, 0.996477020,
2325.959228198, 0.996215158,
2325.979660005, 0.996279860,
2326.000091711, 0.996216293,
2326.020523317, 0.996298844,
2326.040955123, 0.996143272,
2326.061386829, 0.996003333,
2326.081818634, 0.996334679,
2326.102250240, 0.996181629,
2326.122681945, 0.996079987,
2326.143113650, 0.996019911,
2326.204408763, 0.996267892,
2326.224840467, 0.996003246,
2326.245272171, 0.995207422,
2326.265703875, 0.995266906,
2326.286135579, 0.995114018,
2326.306567282, 0.995125978,
2326.326998986, 0.995202101,
2326.347430688, 0.995392097,
2326.367862391, 0.995742219,
2326.388294194, 0.996240588,
2326.408725796, 0.996300684,
2326.429157599, 0.996381056,
2326.449589301, 0.996491635,
2326.470020903, 0.996157708,
2326.490452705, 0.996275619,
2326.510884406, 0.996114429,
2326.531316008, 0.996414848,
2326.551747809, 0.996394507,
2326.572179510, 0.996366709,
2326.592611110, 0.996434350,
2326.613042911, 0.996277357,
2326.633474612, 0.996550954,
2326.653906212, 0.996487824,
2326.674338012, 0.996541953,
2326.694769712, 0.996326478,
2326.715201411, 0.996190431,
2326.735633111, 0.996333070,
2326.756064810, 0.996002265,
2326.776496510, 0.996318178,
2326.796928209, 0.996653743,
2326.817359907, 0.996389331,
2326.837791706, 0.996326871,
2326.858223304, 0.996241940,
2326.878655003, 0.996300721,
2326.919518399, 0.996537215,
2326.939950097, 0.996446710,
2326.960381894, 0.996669374,
2326.980813491, 0.996777879,
2327.001245188, 0.996479404,
2327.021676986, 0.996565430,
2327.042108582, 0.996489573,
2327.062540279, 0.996533924,
2327.082972075, 0.996485215,
2327.103403672, 0.996602583,
2327.123835368, 0.996532585,
2327.144267164, 0.996631378,
2327.164698759, 0.996530831,
2327.185130555, 0.996520462,
2327.205562251, 0.996522338,
2327.225993946, 0.996624428,
2327.246425641, 0.996492086,
2327.266857336, 0.996357210,
2327.287289030, 0.996527390,
2327.307720725, 0.996494329,
2327.328152419, 0.996620518,
2327.348584113, 0.996536491,
2327.369015907, 0.996479772,
2327.409879195, 0.996599941,
2327.430310988, 0.996451840,
2327.450742581, 0.996500559,
2327.471174275, 0.996408651,
2327.491606068, 0.997508468,
2327.512037660, 0.996675363,
2327.532469453, 0.996629971,
2327.552901145, 0.996767232,
2327.573332738, 0.996590736,
2327.593764530, 0.996730159,
2327.614196222, 0.996599316,
2327.634627813, 0.996620426,
2327.655059605, 0.996725928,
2327.675491196, 0.996708109,
2327.695922887, 0.996715112,
2327.716354678, 0.996687525,
2327.736786370, 0.996616667,
2327.757217960, 0.996791088,
2327.777649751, 0.996799148,
2327.798081441, 0.996601070,
2327.818513031, 0.996618907,
2327.838944821, 0.996768235,
2327.859376511, 0.996748516,
2327.900239890, 0.996462556,
2327.920671580, 0.996747916,
2327.941103369, 0.996698702,
2327.961534958, 0.996870386,
2327.981966647, 0.996795045,
2328.002398435, 0.996595154,
2328.022830024, 0.996903558,
2328.043261712, 0.996756439,
2328.063693500, 0.996920601,
2328.084125088, 0.996952137,
2328.104556776, 0.997192189,
2328.145420151, 0.996698137,
2328.165851839, 0.996726217,
2328.186283626, 0.996852408,
2328.206715313, 0.996792087,
2328.227146900, 0.996948266,
2328.247578686, 0.996770612,
2328.268010373, 0.996863388,
2328.288442059, 0.996726858,
2328.308873745, 0.996821140,
2328.329305431, 0.996812823,
2328.349737117, 0.996997680,
2328.390600388, 0.996909434,
2328.411032174, 0.996886653,
2328.431463859, 0.996793004,
2328.451895444, 0.997016632,
2328.472327229, 0.996914131,
2328.492758913, 0.997053880,
2328.513190498, 0.997081652,
2328.533622282, 0.997023014,
2328.554053966, 0.996889232,
2328.574485651, 0.996743555,
2328.594917335, 0.996987591,
2328.615349018, 0.996847815,
2328.635780802, 0.997046936,
2328.656212385, 0.996792596,
2328.676644068, 0.997035276,
2328.697075851, 0.996904451,
2328.717507434, 0.997009672,
2328.737939117, 0.996920337,
2328.758370900, 0.996985747,
2328.778802582, 0.997190156,
2328.799234164, 0.997254566,
2328.819665947, 0.997331191,
2328.840097629, 0.997121044,
2328.880960992, 0.996868253,
2328.901392673, 0.997069737,
2328.921824255, 0.996985247,
2328.942256036, 0.997107374,
2328.962687717, 0.997053583,
2328.983119498, 0.996976600,
2329.003551079, 0.997159687,
2329.023982759, 0.997221165,
2329.044414439, 0.997131594,
2329.064846120, 0.997397899,
2329.085277800, 0.997024949,
2329.105709480, 0.997168575,
2329.126141159, 0.996971640,
2329.146572839, 0.996928740,
2329.167004518, 0.997015957,
2329.187436198, 0.997064704,
2329.207867877, 0.997242629,
2329.228299656, 0.997372962,
2329.248731235, 0.997163446,
2329.269162913, 0.997132700,
2329.289594692, 0.997345977,
2329.310026270, 0.997332555,
2329.330458048, 0.997278890,
2329.371321304, 0.997113029,
2329.391753082, 0.997260514,
2329.412184760, 0.997326389,
2329.432616337, 0.997115145,
2329.453048114, 0.997184418,
2329.473479791, 0.997224322,
2329.493911368, 0.997177233,
2329.514343145, 0.997320730,
2329.534774822, 0.997436569,
2329.555206398, 0.997251488,
2329.575638175, 0.997254778,
2329.596069851, 0.997424566,
2329.616501527, 0.997448452,
2329.636933203, 0.997324135,
2329.657364879, 0.997367333,
2329.677796654, 0.997197163,
2329.698228330, 0.997414748,
2329.718659905, 0.997568340,
2329.739091680, 0.997319546,
2329.759523355, 0.997494051,
2329.779954930, 0.997243520,
2329.800386705, 0.997379408,
2329.820818380, 0.997446420,
2329.861681728, 0.997640266,
2329.882113302, 0.997347251,
2329.902544976, 0.997431884,
2329.922976750, 0.997402416,
2329.943408324, 0.997407726,
2329.963839998, 0.997412240,
2329.984271771, 0.997611915,
2330.004703344, 0.997502138,
2330.025135117, 0.997707322,
2330.045566790, 0.997765800,
2330.065998463, 0.997547840,
2330.106861808, 0.997511764,
2330.127293481, 0.997409727,
2330.147725153, 0.997480081,
2330.168156825, 0.997508362,
2330.188588497, 0.997539911,
2330.209020269, 0.997477639,
2330.229451840, 0.997614700,
2330.249883512, 0.997682261,
2330.270315283, 0.997678590,
2330.290746855, 0.997641026,
2330.311178526, 0.997521160,
2330.331610297, 0.997440200,
2330.352041867, 0.997576202,
2330.372473638, 0.997479096,
2330.392905309, 0.997669091,
2330.413336879, 0.997431674,
2330.433768649, 0.997585522,
2330.454200319, 0.997631471,
2330.474631889, 0.997571658,
2330.495063659, 0.997712829,
2330.515495329, 0.997549003,
2330.535926998, 0.997647854,
2330.556358667, 0.997556349,
2330.576790337, 0.997419254,
2330.597221906, 0.997600965,
2330.617653675, 0.997296887,
2330.638085344, 0.997469431,
2330.658516912, 0.997477630,
2330.678948681, 0.997660195,
2330.699380349, 0.997655567,
2330.719812018, 0.997371921,
2330.740243686, 0.997723845,
2330.760675354, 0.997718361,
2330.781107122, 0.997747328,
2330.801538689, 0.997541133,
2330.842402124, 0.997547385,
2330.862833692, 0.997648451,
2330.883265359, 0.997744406,
2330.903697126, 0.997555532,
2330.924128693, 0.997714696,
2330.944560360, 0.997575652,
2330.964992126, 0.997129431,
2330.985423693, 0.996786467,
2331.005855359, 0.996947073,
2331.026287125, 0.996689585,
2331.046718791, 0.996867127,
2331.067150457, 0.996812075,
2331.087582123, 0.997079131,
2331.108013789, 0.997661105,
2331.128445455, 0.997698317,
2331.148877120, 0.997719944,
2331.169308785, 0.997762107,
2331.189740450, 0.997569611,
2331.210172115, 0.997557224,
2331.230603780, 0.997929433,
2331.251035445, 0.997677354,
2331.271467110, 0.997889073,
2331.291898774, 0.997829786,
2331.312330439, 0.997823643,
2331.332762103, 0.998017340,
2331.353193667, 0.997715579,
2331.373625431, 0.997603480,
2331.394057095, 0.997942659,
2331.414488858, 0.997617856,
2331.434920422, 0.997756995,
2331.455352085, 0.997836429,
2331.475783849, 0.997821580,
2331.496215412, 0.997669662,
2331.516647075, 0.997901829,
2331.537078838, 0.997939148,
2331.577942063, 0.997860671,
2331.598373826, 0.997814101,
2331.618805488, 0.997796572,
2331.639237051, 0.997727632,
2331.659668813, 0.997948993,
2331.680100475, 0.997732652,
2331.700532137, 0.997892392,
2331.720963798, 0.997962839,
2331.741395460, 0.997890823,
2331.761827222, 0.997772085,
2331.782258783, 0.997881530,
2331.823122205, 0.997842941,
2331.843553766, 0.997996335,
2331.863985427, 0.997802498,
2331.884417188, 0.997747024,
2331.904848749, 0.997784119,
2331.925280409, 0.997871353,
2331.945712170, 0.997877857,
2331.966143730, 0.997891026,
2331.986575390, 0.997911708,
2332.007007050, 0.998149722,
2332.027438710, 0.997893717,
2332.068302029, 0.997987821,
2332.088733689, 0.997940394,
2332.109165448, 0.998036867,
2332.129597108, 0.998070435,
2332.150028667, 0.998044425,
2332.170460426, 0.997923474,
2332.190892085, 0.998117514,
2332.211323643, 0.998161919,
2332.231755402, 0.998012822,
2332.252187061, 0.998160423,
2332.272618619, 0.997901354,
2332.293050377, 0.998246902,
2332.313482035, 0.997907944,
2332.333913594, 0.998100608,
2332.354345352, 0.998002373,
2332.374777009, 0.998058758,
2332.395208767, 0.998192133,
2332.415640325, 0.998188290,
2332.436071982, 0.998281868,
2332.456503739, 0.998121581,
2332.476935297, 0.998122314,
2332.497366954, 0.998216410,
2332.517798711, 0.998267529,
2332.538230268, 0.998267650,
2332.558661924, 0.998104533,
2332.579093681, 0.998246710,
2332.599525337, 0.998073652,
2332.619956894, 0.998150516,
2332.640388650, 0.998300725,
2332.660820306, 0.998121176,
2332.681251862, 0.998110803,
2332.701683618, 0.998098421,
2332.722115274, 0.998238660,
2332.742546930, 0.998228844,
2332.762978585, 1.001691440,
2332.783410241, 0.998437479,
2332.824273551, 0.998385097,
2332.844705107, 0.998463861,
2332.865136862, 0.998286250,
2332.885568516, 0.998259826,
2332.906000071, 0.998216235,
2332.926431826, 0.998204679,
2332.946863480, 0.998374924,
2332.967295135, 0.998389050,
2332.987726789, 0.998358401,
2333.008158443, 0.998319890,
2333.049021751, 0.998234272,
2333.069453405, 0.998304691,
2333.089885159, 0.998238597,
2333.110316813, 0.998430508,
2333.130748366, 0.998304378,
2333.151180120, 0.998417559,
2333.171611773, 0.998294041,
2333.192043326, 0.998172018,
2333.212475079, 0.998741394,
2333.232906732, 0.998324900,
2333.253338285, 0.998446102,
2333.273770038, 0.998358839,
2333.294201691, 0.998331318,
2333.314633243, 0.998256330,
2333.335064996, 0.998375180,
2333.355496648, 0.998206246,
2333.375928400, 0.998286909,
2333.396359952, 0.998374936,
2333.416791604, 0.998357114,
2333.437223356, 0.998251834,
2333.457654908, 0.998283731,
2333.478086559, 0.998310023,
2333.498518211, 0.998252338,
2333.518949862, 0.998373705,
2333.539381514, 0.998411723,
2333.559813165, 0.998394780,
2333.580244816, 0.998264844,
2333.600676467, 0.998323768,
2333.621108218, 0.998210966,
2333.641539769, 0.998375102,
2333.661971520, 0.998458843,
2333.682403170, 0.998376133,
2333.702834721, 0.998578343,
2333.723266471, 0.998271669,
2333.743698121, 0.998447472,
2333.764129672, 0.998283479,
2333.784561422, 0.998378367,
2333.804993072, 0.998495032,
2333.825424622, 0.998473349,
2333.845856371, 0.998304394,
2333.866288021, 0.998586989,
2333.886719571, 0.998472229,
2333.907151320, 0.998420948,
2333.927582969, 0.998340707,
2333.968446268, 0.998440712,
2333.988877917, 0.998695987,
2334.029741215, 0.998503708,
2334.050172863, 0.998523974,
2334.070604612, 0.998631363,
2334.091036260, 0.998421655,
2334.111467809, 0.998706111,
2334.131899557, 0.998921235,
2334.152331205, 0.998769099,
2334.172762754, 0.998551238,
2334.193194502, 0.998665003,
2334.213626050, 0.998667464,
2334.234057697, 0.998780450,
2334.254489445, 0.998762825,
2334.274920993, 0.998627498,
2334.295352740, 0.998600808,
2334.315784388, 0.998718911,
2334.336215935, 0.998362170,
2334.356647682, 0.998637614,
2334.377079329, 0.998772351,
2334.397510877, 0.998750467,
2334.417942623, 0.998782194,
2334.438374270, 0.998659005,
2334.458805917, 0.998786877,
2334.479237564, 0.998652073,
2334.499669210, 0.998663391,
2334.520100857, 0.998730167,
2334.540532503, 0.998891107,
2334.560964149, 0.998670378,
2334.581395896, 0.998715004,
2334.601827542, 0.998862380,
2334.622259088, 0.998809250,
2334.642690834, 0.998518872,
2334.663122479, 0.998776138,
2334.683554025, 0.998946156,
2334.703985771, 0.998855454,
2334.724417416, 0.998788165,
2334.744848962, 0.998918316,
2334.765280707, 0.998568313,
2334.785712352, 0.998601571,
2334.806143897, 0.998795467,
2334.826575642, 0.998629771,
2334.847007287, 0.998916584,
2334.867438832, 0.998828085,
2334.887870577, 0.998520574,
2334.908302222, 0.998724661,
2334.928733966, 0.998569273,
2334.949165511, 0.998663504,
2334.969597155, 0.998834986,
2335.010460444, 0.998821803,
2335.030892088, 0.998891263,
2335.051323732, 0.999001702,
2335.071755376, 0.998838451,
2335.092187020, 0.998895651,
2335.112618663, 0.998989246,
2335.133050307, 0.998899007,
2335.153481951, 0.998768133,
2335.173913694, 0.998871380,
2335.194345238, 0.999024033,
2335.214776981, 0.999055809,
2335.235208624, 0.999075203,
2335.255640167, 0.999024242,
2335.276071910, 0.998862411,
2335.296503553, 0.998973200,
2335.316935096, 0.999010659,
2335.337366839, 0.999004837,
2335.357798482, 0.998924980,
2335.378230024, 0.999199610,
2335.398661767, 0.999139041,
2335.419093409, 0.998899158,
2335.439525052, 0.998907816,
2335.459956694, 0.998808955,
2335.480388336, 0.998793988,
2335.500820078, 0.998848166,
2335.521251620, 0.998928130,
2335.541683262, 0.998976889,
2335.562115004, 0.998871575,
2335.582546646, 0.998955526,
2335.602978188, 0.998965974,
2335.623409929, 0.999015665,
2335.643841571, 0.998947814,
2335.664273112, 0.999048762,
2335.684704853, 0.998960264,
2335.705136395, 0.998450414,
2335.725568036, 0.998151406,
2335.745999777, 0.997966592,
2335.766431318, 0.998023286,
2335.786862959, 0.998271551,
2335.807294700, 0.998203726,
2335.827726241, 0.998089164,
2335.848157981, 0.998907252,
2335.868589622, 0.998745925,
2335.889021162, 0.999125009,
2335.909452903, 0.999098448,
2335.929884543, 0.998935667,
2335.950316083, 0.998901427,
2335.991179464, 0.998951828,
2336.011611104, 0.999149937,
2336.032042744, 0.999186361,
2336.052474384, 0.999022171,
2336.072906023, 0.999028370,
2336.093337663, 0.999235741,
2336.113769303, 0.999170935,
2336.134201042, 0.999210205,
2336.154632682, 0.999209243,
2336.175064221, 0.999231370,
2336.195495960, 0.999173318,
2336.215927600, 0.999292157,
2336.236359139, 0.999266101,
2336.256790878, 0.999202366,
2336.277222517, 0.999135551,
2336.297654056, 0.999168349,
2336.318085795, 0.999146214,
2336.338517434, 0.999298316,
2336.358948972, 0.999324121,
2336.379380711, 0.999292097,
2336.399812350, 0.999542754,
2336.420243988, 0.999341099,
2336.440675626, 0.999433778,
2336.461107165, 0.999198589,
2336.481538903, 0.999337298,
2336.501970541, 0.999397331,
2336.522402179, 0.999236105,
2336.542833817, 0.999244593,
2336.563265455, 0.999342928,
2336.583697093, 0.999562457,
2336.604128731, 0.999561042,
2336.624560369, 0.999401826,
2336.644992006, 0.999478868,
2336.665423744, 0.999368060,
2336.685855282, 0.999412725,
2336.706287019, 0.999554657,
2336.726718656, 0.999391041,
2336.747150194, 0.999427493,
2336.767581931, 0.999433407,
2336.788013568, 0.999353262,
2336.808445105, 0.999522921,
2336.828876842, 0.999680731,
2336.849308479, 0.999350490,
2336.869740016, 0.999642429,
2336.890171753, 0.999753860,
2336.910603390, 0.999472800,
2336.931034926, 0.999505523,
2336.971898300, 0.999338360,
2336.992330036, 0.999631205,
2337.012761572, 0.999423437,
2337.033193209, 0.999486404,
2337.053624945, 0.999479907,
2337.074056581, 0.999635031,
2337.094488117, 0.999550448,
2337.114919753, 0.999562789,
2337.135351489, 0.999453872,
2337.155783025, 0.999641832,
2337.176214761, 0.999644157,
2337.196646297, 0.999506696,
2337.217077933, 0.999519422,
2337.237509668, 1.000061132,
2337.257941204, 0.999598169,
2337.278372939, 0.999580619,
2337.298804575, 0.999579470,
2337.319236110, 0.999629700,
2337.339667845, 0.999605903,
2337.360099481, 0.999638810,
2337.380531016, 0.999391949,
2337.400962751, 0.999487456,
2337.421394386, 0.999572950,
2337.441825921, 0.999628364,
2337.462257656, 0.999472392,
2337.482689291, 0.999513006,
2337.503120926, 0.999715886,
2337.523552560, 0.999536566,
2337.543984195, 0.999615852,
2337.564415830, 0.999725862,
2337.584847464, 0.999650221,
2337.605279099, 0.999732911,
2337.625710833, 0.999660925,
2337.646142468, 0.999805784,
2337.666574002, 0.999718536,
2337.707437370, 0.999514281,
2337.727868905, 0.999848257,
2337.748300639, 0.999686303,
2337.768732272, 0.999672907,
2337.789163806, 0.999795404,
2337.809595540, 0.999736780,
2337.830027074, 0.999625093,
2337.850458708, 0.999664311,
2337.870890442, 0.999481200,
2337.891322075, 0.999632076,
2337.911753709, 0.999661985,
2337.973048609, 0.999736127,
2337.993480243, 0.999701039,
2338.013911876, 0.999878326,
2338.034343509, 0.999629207,
2338.054775142, 0.999811589,
2338.075206776, 0.999768859,
2338.095638409, 0.999925301,
2338.116070042, 0.999815627,
2338.136501675, 0.999844064,
2338.156933407, 0.999863201,
2338.177364940, 0.999796838,
2338.197796673, 0.999893999,
2338.218228306, 0.999807681,
2338.238659838, 0.999928683,
2338.259091571, 0.999940600,
2338.279523204, 0.999848525,
2338.299954736, 0.999929974,
2338.320386468, 0.999883503,
2338.340818101, 0.999967987,
2338.361249633, 1.000158106,
2338.381681366, 1.000118632,
2338.402112998, 1.000032313,
2338.442976262, 0.999947590,
2338.463407894, 1.000069917,
2338.483839626, 0.999885374,
2338.504271158, 0.999897639,
2338.524702790, 0.999882492,
2338.545134522, 0.999932616,
2338.565566054, 1.000064440,
2338.585997686, 0.999961034,
2338.606429317, 1.000332722,
2338.626860949, 1.000076259,
2338.647292581, 1.000054941,
2338.667724312, 0.999928151,
2338.688155844, 0.999949278,
2338.708587475, 1.000111061,
2338.729019206, 0.999992670,
2338.749450738, 1.000013775,
2338.769882469, 1.000083515,
2338.790314100, 1.000009329,
2338.810745632, 1.000124679,
2338.831177363, 1.000037379,
2338.851608994, 0.999971737,
2338.872040525, 1.000081905,
2338.892472256, 1.000155598,
2338.912903887, 1.000117419,
2338.933335418, 1.000261181,
2338.953767149, 1.000108603,
2338.974198780, 1.000355328,
2338.994630510, 1.000116280,
2339.015062041, 1.000032712,
2339.035493672, 1.000317968,
2339.055925402, 1.000283612,
2339.076356933, 1.000449708,
2339.096788563, 1.000500651,
2339.117220294, 1.000320883,
2339.137651924, 1.000419788,
2339.178515185, 1.000166628,
2339.198946816, 1.000355116,
2339.219378346, 1.000244531,
2339.239810076, 1.000162792,
2339.260241706, 1.000246842,
2339.280673336, 1.000142103,
2339.301104966, 1.000279050,
2339.321536496, 1.000136457,
2339.341968227, 1.000283623,
2339.362399856, 1.000246203,
2339.382831386, 1.000259591,
2339.403263116, 1.000338376,
2339.423694746, 1.000294534,
2339.444126276, 1.000282108,
2339.464558006, 1.000321293,
2339.484989635, 1.000306000,
2339.505421265, 1.000311330,
2339.525852895, 1.000511462,
2339.546284524, 1.000315804,
2339.566716254, 1.000217217,
2339.587147783, 1.000405544,
2339.607579413, 1.000412828,
2339.628011142, 1.000491379,
2339.648442672, 1.000169901,
2339.668874301, 1.000230842,
2339.689306030, 1.000397686,
2339.709737660, 1.000539794,
2339.730169189, 1.000453177,
2339.750600918, 1.000252190,
2339.771032547, 1.000228447,
2339.791464076, 1.000286337,
2339.811895805, 1.000427394,
2339.832327434, 1.000380139,
2339.852759163, 1.000396030,
2339.873190692, 1.000685958,
2339.914054050, 1.000343320,
2339.934485579, 1.000314780,
2339.954917208, 1.000447413,
2339.975348937, 1.000611332,
2339.995780465, 1.000524625,
2340.016212094, 1.000414161,
2340.036643723, 1.000421839,
2340.057075351, 1.000357177,
2340.077506980, 1.000586212,
2340.097938608, 1.000435602,
2340.118370237, 1.000323136,
2340.159233594, 1.000298470,
2340.179665122, 1.000525713,
2340.200096851, 1.000431097,
2340.220528479, 1.000409549,
2340.240960007, 1.000335256,
2340.261391736, 1.000514882,
2340.281823364, 1.000580123,
2340.302254892, 1.000381377,
2340.322686620, 1.000484137,
2340.343118248, 1.000441290,
2340.363549977, 1.000424986,
2340.383981505, 1.000440804,
2340.404413133, 1.000485451,
2340.424844861, 1.000552479,
2340.445276389, 0.999792746,
2340.465708017, 0.999599712,
2340.486139745, 0.999585810,
2340.506571273, 0.999700272,
2340.527002901, 0.999509954,
2340.547434628, 0.999832685,
2340.567866156, 1.000238168,
2340.588297784, 1.000660395,
2340.608729512, 1.000715923,
2340.629161139, 1.000715495,
2340.649592767, 1.000626087,
2340.670024395, 1.000545764,
2340.690456023, 1.000474227,
2340.710887650, 1.000731285,
2340.731319278, 1.000497085,
2340.751750905, 1.000596103,
2340.772182533, 1.000734733,
2340.792614160, 1.000473018,
2340.813045688, 1.000624215,
2340.833477415, 1.000723317,
2340.853909043, 1.000581886,
2340.874340570, 1.000684293,
2340.894772297, 1.000707935,
2340.915203925, 1.000642679,
2340.935635652, 1.000569163,
2340.956067179, 1.000546134,
2340.976498807, 1.000828846,
2340.996930534, 1.000726585,
2341.017362061, 1.000879552,
2341.037793688, 1.000799606,
2341.058225415, 1.000766203,
2341.078656943, 1.000831127,
2341.099088570, 1.000793411,
2341.119520297, 1.000736232,
2341.139951924, 1.000501775,
2341.160383551, 1.000823844,
2341.180815178, 1.000762464,
2341.201246805, 1.000648325,
2341.221678432, 1.000820108,
2341.242110059, 1.000723795,
2341.262541686, 1.000715336,
2341.282973313, 1.000963285,
2341.303404940, 1.000546056,
2341.323836566, 1.000560326,
2341.344268293, 1.000714377,
2341.364699820, 1.000666213,
2341.385131447, 1.000855468,
2341.405563074, 1.000814891,
2341.425994700, 1.000799819,
2341.446426427, 1.000780369,
2341.466857954, 1.000646267,
2341.487289581, 1.000727645,
2341.507721307, 1.000820377,
2341.528152834, 1.001009035,
2341.548584461, 1.000649087,
2341.569016187, 1.000926891,
2341.589447714, 1.000983805,
2341.609879340, 1.001001800,
2341.630311067, 1.000901103,
2341.650742594, 1.000724059,
2341.671174320, 1.000804112,
2341.691605947, 1.000887582,
2341.712037573, 1.001043338,
2341.732469200, 1.000873859,
2341.752900826, 1.000843260,
2341.773332452, 1.001146565,
2341.793764079, 1.000905795,
2341.814195705, 1.000971186,
2341.834627332, 1.000978719,
2341.895922211, 1.001069448,
2341.916353937, 1.000934152,
2341.936785463, 1.000845943,
2341.957217190, 1.000974802,
2341.977648816, 1.001070109,
2341.998080342, 1.001017937,
2342.018512069, 1.001113600,
2342.038943695, 1.001005019,
2342.059375221, 1.000911445,
2342.079806947, 1.000981994,
2342.100238574, 1.001036783,
2342.120670100, 1.000970232,
2342.141101826, 1.001252321,
2342.161533452, 1.001116576,
2342.181965078, 1.001393920,
2342.202396704, 1.001252932,
2342.222828330, 1.000983705,
2342.243259957, 1.001238800,
2342.263691583, 1.001025760,
2342.284123209, 1.001112489,
2342.304554835, 1.001186887,
2342.324986461, 1.001187316,
2342.345418087, 1.001236523,
2342.365849813, 1.001104304,
2342.386281339, 1.001182954,
2342.406712965, 1.001277157,
2342.427144691, 1.001122259,
2342.447576217, 1.000948238,
2342.468007943, 1.001124512,
2342.488439569, 1.001020884,
2342.508871095, 1.001270586,
2342.529302821, 1.000989576,
2342.549734447, 1.001025447,
2342.570165973, 1.001129861,
2342.590597699, 1.001253768,
2342.611029325, 1.001276553,
2342.631460851, 1.001140462,
2342.651892577, 1.001039545,
2342.672324203, 1.001334685,
2342.692755929, 1.001238665,
2342.713187455, 1.001408123,
2342.733619081, 1.001269889,
2342.754050806, 1.001164556,
2342.774482332, 1.001251193,
2342.794913958, 1.001122201,
2342.815345584, 1.001189338,
2342.835777310, 1.001361526,
2342.856208836, 1.001242282,
2342.876640562, 1.001094877,
2342.897072088, 1.001410718,
2342.917503814, 1.001382845,
2342.937935439, 1.001432909,
2342.958366965, 1.001470543,
2342.978798691, 1.001545138,
2342.999230317, 1.001356715,
2343.019661843, 1.001504040,
2343.040093569, 1.001359854,
2343.060525194, 1.001247740,
2343.080956720, 1.001442614,
2343.101388446, 1.001516163,
2343.121820072, 1.001494956,
2343.142251598, 1.001229872,
2343.162683324, 1.001425961,
2343.183114949, 1.001480264,
2343.203546675, 1.001492932,
2343.223978201, 1.001606607,
2343.244409827, 1.001457621,
2343.264841553, 1.001589686,
2343.285273079, 1.001545382,
2343.305704704, 1.001384459,
2343.326136430, 1.001424780,
2343.346568056, 1.001431014,
2343.366999582, 1.001358799,
2343.387431308, 1.001601156,
2343.407862933, 1.001667456,
2343.428294559, 1.001895110,
2343.448726185, 1.001603478,
2343.469157811, 1.001483008,
2343.489589537, 1.001524283,
2343.510021063, 1.001530886,
2343.530452688, 1.001690582,
2343.550884314, 1.001558986,
2343.571315940, 1.001717406,
2343.591747566, 1.001573789,
2343.612179192, 1.001794040,
2343.632610818, 1.001559524,
2343.653042543, 1.001545688,
2343.673474069, 1.001582133,
2343.693905695, 1.001702147,
2343.714337421, 1.001564952,
2343.734768947, 1.001869199,
2343.755200573, 1.001712996,
2343.775632299, 1.001567172,
2343.796063825, 1.001562820,
2343.836927176, 1.001544303,
2343.857358802, 1.001604425,
2343.877790328, 1.001799985,
2343.898222054, 1.001836988,
2343.918653680, 1.001736290,
2343.939085306, 1.001837641,
2343.959516932, 1.001775618,
2343.979948558, 1.001627719,
2344.000380284, 1.001372633,
2344.020811810, 1.001746456,
2344.041243436, 1.001563289,
2344.061675162, 1.001412121,
2344.082106688, 1.001671457,
2344.102538314, 1.001538519,
2344.122970040, 1.001601323,
2344.143401566, 1.001394165,
2344.163833292, 1.001373834,
2344.184264918, 1.001329846,
2344.204696444, 1.001512548,
2344.225128170, 1.001490024,
2344.245559796, 1.001385459,
2344.265991322, 1.001499045,
2344.286423048, 1.001343081,
2344.306854574, 1.001230056,
2344.327286300, 1.001317780,
2344.347717926, 1.001440303,
2344.368149452, 1.001692685,
2344.388581178, 1.001573780,
2344.409012805, 1.001411771,
2344.429444431, 1.001448038,
2344.449876057, 1.001520239,
2344.470307683, 1.001589164,
2344.490739309, 1.001610373,
2344.511170936, 1.001368191,
2344.531602562, 1.001535945,
2344.552034188, 1.001340352,
2344.572465914, 1.001442116,
2344.592897440, 1.001448795,
2344.613329067, 1.001536694,
2344.633760793, 1.001361287,
2344.654192319, 1.001509986,
2344.674624046, 1.001520476,
2344.695055672, 1.001394794,
2344.715487198, 1.001563329,
2344.735918925, 1.001500034,
2344.756350551, 1.001380447,
2344.776782077, 1.001406134,
2344.817645430, 1.001576967,
2344.838077057, 1.001574366,
2344.858508683, 1.001440380,
2344.878940310, 1.001615828,
2344.899372036, 1.001625316,
2344.919803563, 1.001637479,
2344.940235189, 1.001588216,
2344.960666816, 1.001515957,
2344.981098442, 1.001377717,
2345.001530069, 1.001535053,
2345.021961795, 1.001500639,
2345.062824949, 1.000817043,
2345.083256675, 1.001494864,
2345.103688202, 1.001622811,
2345.124119929, 1.001563368,
2345.144551555, 1.001621930,
2345.164983082, 1.001346283,
2345.185414809, 1.001567139,
2345.205846436, 1.001438969,
2345.226277963, 1.001524895,
2345.246709689, 1.001315497,
2345.267141316, 1.001153582,
2345.287572843, 1.001038877,
2345.308004570, 1.001669703,
2345.328436197, 1.001764180,
2345.348867924, 1.001890444,
2345.369299451, 1.001812545,
2345.389731078, 1.001612028,
2345.410162805, 1.001792283,
2345.430594332, 1.001806131,
2345.451025959, 1.001527908,
2345.471457686, 1.001831349,
2345.491889313, 1.001777354,
2345.512320840, 1.001786048,
2345.532752567, 1.001860855,
2345.553184194, 1.001586478,
2345.573615821, 1.001765288,
2345.594047449, 1.001622276,
2345.614479076, 1.001819933,
2345.634910703, 1.001792815,
2345.655342330, 1.001794444,
2345.675773958, 1.002123418,
2345.696205585, 1.001768732,
2345.716637212, 1.001752213,
2345.737068840, 1.001698086,
2345.757500467, 1.001909833,
2345.798363622, 1.001670104,
2345.818795350, 1.001741248,
2345.839226977, 1.001950665,
2345.859658705, 1.001830296,
2345.880090232, 1.001936182,
2345.900521860, 1.001969172,
2345.920953587, 1.002063160,
2345.941385115, 1.001777982,
2345.961816743, 1.001883766,
2345.982248470, 1.001999450,
2346.002679998, 1.001728965,
2346.043543354, 1.001906253,
2346.063974982, 1.001867719,
2346.084406609, 1.002051014,
2346.104838237, 1.001978136,
2346.125269865, 1.001998579,
2346.145701493, 1.001994319,
2346.166133121, 1.001978822,
2346.186564749, 1.001772184,
2346.206996477, 1.001988123,
2346.227428005, 1.001991651,
2346.247859633, 1.001872933,
2346.288722890, 1.001923507,
2346.309154618, 1.001950234,
2346.329586246, 1.001962211,
2346.350017774, 1.001988023,
2346.370449503, 1.001908597,
2346.390881131, 1.001988226,
2346.411312659, 1.002074855,
2346.431744388, 1.002181203,
2346.452175916, 1.002148979,
2346.472607545, 1.002065826,
2346.493039273, 1.002023716,
2346.533902530, 1.002060607,
2346.554334159, 1.002072259,
2346.574765788, 1.002137382,
2346.595197416, 1.002234724,
2346.615629045, 1.002072859,
2346.636060674, 1.002115161,
2346.656492303, 1.002107876,
2346.676923931, 1.002028620,
2346.697355560, 1.002254677,
2346.717787289, 1.002302876,
2346.738218818, 1.002125015,
2346.779082176, 1.002162122,
2346.799513705, 1.002158424,
2346.819945434, 1.002220493,
2346.840377063, 1.002439229,
2346.860808592, 1.003258860,
2346.881240322, 1.002999083,
2346.901671951, 1.002286012,
2346.922103480, 1.002441184,
2346.942535209, 1.002489890,
2346.962966839, 1.002336266,
2346.983398568, 1.002335990,
2347.003830098, 1.002321896,
2347.024261727, 1.002294146,
2347.044693357, 1.002210144,
2347.065124986, 1.002360412,
2347.085556616, 1.002315400,
2347.105988345, 1.002324690,
2347.126419875, 1.002330517,
2347.146851505, 1.002201614,
2347.167283135, 1.002274484,
2347.187714764, 1.002239195,
2347.208146494, 1.002210716,
2347.228578024, 1.002364808,
2347.269441384, 1.002277868,
2347.289873014, 1.002339535,
2347.310304544, 1.002291644,
2347.330736274, 1.002437109,
2347.351167904, 1.002705815,
2347.371599434, 1.002552719,
2347.392031165, 1.002555393,
2347.412462795, 1.002305954,
2347.432894525, 1.002517050,
2347.453326056, 1.002651741,
2347.473757686, 1.002611175,
2347.514620947, 1.002353163,
2347.535052578, 1.002676495,
2347.555484308, 1.003350860,
2347.575915839, 1.003017239,
2347.596347469, 1.002475363,
2347.616779200, 1.002432405,
2347.637210731, 1.002471323,
2347.657642462, 1.002501665,
2347.678074093, 1.002418388,
2347.698505723, 1.002304271,
2347.718937354, 1.002399906,
2347.759800616, 1.002592738,
2347.780232248, 1.002600808,
2347.800663879, 1.002551753,
2347.821095510, 1.002381955,
2347.841527141, 1.002357376,
2347.861958773, 1.002505857,
2347.882390504, 1.002314833,
2347.902822035, 1.002340518,
2347.923253667, 1.002445784,
2347.943685398, 1.002667449,
2347.964116930, 1.002460092,
2348.004980293, 1.002659592,
2348.025411825, 1.002594675,
2348.045843456, 1.002556939,
2348.066275188, 1.002686516,
2348.086706720, 1.002516018,
2348.107138452, 1.002368862,
2348.127570084, 1.002614281,
2348.148001616, 1.002454836,
2348.168433348, 1.002619382,
2348.188864980, 1.002486486,
2348.209296612, 1.002681303,
2348.250159877, 1.002219468,
2348.270591509, 1.002618719,
2348.291023141, 1.002425506,
2348.311454774, 1.002678679,
2348.331886506, 1.002548386,
2348.352318139, 1.002712949,
2348.372749671, 1.002563118,
2348.393181404, 1.002717386,
2348.413613037, 1.002670598,
2348.434044570, 1.002901098,
2348.454476302, 1.002708687,
2348.495339468, 1.002582376,
2348.515771201, 1.002768123,
2348.536202734, 1.002727338,
2348.556634467, 1.002682008,
2348.577066100, 1.002431016,
2348.597497634, 1.002814404,
2348.617929367, 1.002561233,
2348.638361000, 1.002848579,
2348.658792534, 1.002729028,
2348.679224267, 1.002749522,
2348.699655900, 1.002584813,
2348.740519168, 1.002804786,
2348.760950801, 1.002560500,
2348.781382535, 1.002914246,
2348.801814069, 1.002715490,
2348.822245703, 1.002775574,
2348.842677437, 1.002793133,
2348.863108971, 1.002683067,
2348.883540605, 1.002770285,
2348.903972339, 1.002598513,
2348.924403973, 1.002794848,
2348.944835607, 1.002731774,
2348.985698876, 1.002742578,
2349.006130510, 1.002785848,
2349.026562144, 1.002673826,
2349.046993779, 1.002969496,
2349.067425513, 1.002648917,
2349.087857048, 1.002986381,
2349.108288683, 1.002670926,
2349.128720418, 1.002753102,
2349.149151952, 1.002841624,
2349.169583687, 1.002856030,
2349.190015222, 1.002823363,
2349.230878592, 1.002893129,
2349.251310127, 1.002794663,
2349.271741763, 1.002834058,
2349.292173498, 1.002733153,
2349.312605033, 1.002841817,
2349.333036669, 1.002847404,
2349.353468404, 1.002924523,
2349.373899940, 1.002974166,
2349.394331675, 1.003078260,
2349.414763311, 1.002722026,
2349.435194946, 1.002800310,
2349.476058218, 1.003129695,
2349.496489854, 1.003000519,
2349.516921490, 1.003163467,
2349.537353126, 1.002944447,
2349.557784762, 1.003109434,
2349.578216498, 1.003067086,
2349.598648035, 1.003091892,
2349.619079771, 1.003073065,
2349.639511407, 1.003002457,
2349.659942944, 1.003092767,
2349.680374680, 1.002837191,
2349.741669590, 1.003163963,
2349.762101227, 1.003030363,
2349.782532964, 1.003120090,
2349.802964501, 1.003101647,
2349.823396138, 1.003183126,
2349.843827875, 1.003077569,
2349.864259412, 1.003077188,
2349.884691049, 1.003119588,
2349.905122687, 1.002543580,
2349.925554324, 1.002069457,
2349.945985961, 1.002082295,
2349.966417599, 1.001969798,
2349.986849237, 1.002292981,
2350.007280974, 1.002439369,
2350.027712512, 1.002443332,
2350.048144150, 1.003004505,
2350.068575888, 1.003129567,
2350.089007525, 1.003207401,
2350.109439063, 1.003146618,
2350.129870802, 1.003021014,
2350.150302440, 1.003212517,
2350.170733978, 1.003046232,
2350.211597355, 1.003312194,
2350.232029093, 1.003362514,
2350.252460632, 1.003260739,
2350.272892270, 1.003417256,
2350.293324009, 1.003254993,
2350.313755548, 1.003229731,
2350.334187186, 1.003199958,
2350.354618925, 1.003351155,
2350.375050464, 1.003474741,
2350.395482203, 1.003264083,
2350.415913842, 1.003093848,
2350.456777121, 1.003453993,
2350.477208760, 1.003503374,
2350.497640300, 1.003360872,
2350.518072039, 1.003728744,
2350.538503679, 1.003488148,
2350.558935318, 1.003495218,
2350.579366958, 1.003525992,
2350.599798598, 1.003374531,
2350.620230238, 1.003468531,
2350.640661878, 1.003354181,
2350.661093518, 1.003408951,
2350.681525158, 1.003412781,
2350.701956798, 1.003447417,
2350.722388439, 1.003375512,
2350.742820179, 1.003474336,
2350.763251719, 1.003424324,
2350.783683460, 1.003217328,
2350.804115100, 1.003581911,
2350.824546641, 1.003378478,
2350.844978382, 1.003373860,
2350.865410023, 1.003612877,
2350.885841564, 1.003759913,
2350.906273305, 1.003532932,
2350.947136487, 1.003644608,
2350.967568228, 1.003604565,
2350.987999870, 1.003870798,
2351.008431611, 1.003659473,
2351.028863152, 1.003529031,
2351.049294794, 1.003418117,
2351.069726536, 1.003499968,
2351.090158077, 1.003763566,
2351.110589719, 1.003600151,
2351.131021461, 1.003424730,
2351.151453003, 1.003375085,
2351.192316387, 1.003588753,
2351.212748030, 1.003701652,
2351.233179672, 1.003582950,
2351.253611315, 1.003628107,
2351.274042857, 1.003606956,
2351.294474600, 1.003624133,
2351.314906242, 1.003615624,
2351.335337885, 1.003642409,
2351.355769528, 1.003518751,
2351.376201171, 1.003739417,
2351.396632914, 1.003522208,
2351.437496100, 1.003642750,
2351.457927843, 1.003708646,
2351.478359387, 1.003654820,
2351.498791030, 1.003690145,
2351.519222774, 1.003667184,
2351.539654317, 1.003723263,
2351.560085961, 1.003899614,
2351.580517705, 1.003764560,
2351.600949249, 1.003791071,
2351.621380993, 1.003868647,
2351.641812637, 1.003830093,
2351.703107570, 1.003497396,
2351.723539114, 1.003609737,
2351.743970859, 1.003923968,
2351.764402503, 1.003866131,
2351.784834248, 1.003637542,
2351.805265793, 1.003883184,
2351.825697438, 1.003922050,
2351.846129183, 1.003628496,
2351.866560828, 1.003939867,
2351.886992373, 1.003959921,
2351.907424118, 1.003746397,
2351.927855764, 1.003954472,
2351.948287309, 1.003796193,
2351.968719054, 1.003753533,
2351.989150700, 1.003912824,
2352.009582346, 1.003903918,
2352.030013992, 1.003938448,
2352.050445538, 1.003814048,
2352.070877284, 1.003846843,
2352.091308930, 1.003903548,
2352.111740476, 1.004077756,
2352.132172222, 1.004112388,
2352.173035615, 1.003843159,
2352.193467161, 1.004004585,
2352.213898808, 1.003900730,
2352.234330555, 1.003980861,
2352.254762102, 1.003991350,
2352.275193749, 1.003892625,
2352.295625496, 1.004185372,
2352.316057043, 1.004097115,
2352.336488690, 1.003978394,
2352.356920437, 1.004127570,
2352.377352085, 1.004121644,
2352.418215380, 1.003866853,
2352.438647028, 1.003826733,
2352.479510323, 1.004007004,
2352.499941971, 1.003962979,
2352.520373619, 1.004029331,
2352.540805268, 1.004166251,
2352.561237016, 1.004263671,
2352.581668664, 1.004364631,
2352.602100213, 1.004007130,
2352.622531961, 1.004347828,
2352.663395159, 1.004162647,
2352.683826908, 1.004008702,
2352.704258457, 1.004229724,
2352.724690206, 1.004359698,
2352.745121855, 1.004088898,
2352.765553404, 1.004279314,
2352.785985154, 1.004176122,
2352.806416803, 1.003966816,
2352.826848353, 1.004142305,
2352.847280103, 1.004188072,
2352.867711752, 1.004102959,
2352.908575052, 1.003967317,
2352.929006702, 1.004244277,
2352.949438453, 1.004130352,
2352.969870003, 1.004207769,
2352.990301653, 1.004336553,
2353.010733404, 1.004255251,
2353.031164955, 1.003896130,
2353.051596605, 1.004026034,
2353.072028356, 1.003977821,
2353.092460007, 1.003902050,
2353.112891658, 1.004018883,
2353.133323309, 1.003862821,
2353.153754960, 1.003995959,
2353.174186612, 1.004158806,
2353.194618263, 1.004039721,
2353.215049915, 1.004012230,
2353.235481667, 1.004136592,
2353.255913218, 1.004433952,
2353.276344870, 1.004203660,
2353.296776622, 1.004164057,
2353.317208174, 1.004147093,
2353.337639927, 1.004317115,
2353.358071579, 1.004136271,
2353.398934884, 1.004270358,
2353.419366436, 1.004081316,
2353.439798089, 1.004430691,
2353.460229842, 1.004212882,
2353.480661395, 1.004095974,
2353.501093148, 1.004209427,
2353.521524801, 1.004377408,
2353.541956354, 1.004290509,
2353.562388108, 1.004324965,
2353.582819761, 1.003944853,
2353.603251415, 1.004131327,
2353.664546476, 1.004235046,
2353.684978030, 1.004162844,
2353.705409685, 1.004236415,
2353.725841439, 1.004261188,
2353.746273093, 1.004389996,
2353.766704648, 1.004327057,
2353.787136402, 1.004239224,
2353.807568057, 1.004417707,
2353.827999612, 1.004376645,
2353.848431367, 1.004425270,
2353.868863022, 1.004362981,
2353.889294777, 1.004284828,
2353.909726332, 1.004317546,
2353.930157988, 1.004254877,
2353.950589743, 1.004301115,
2353.971021299, 1.004265854,
2353.991452955, 1.004252556,
2354.011884710, 1.004198305,
2354.032316266, 1.004229711,
2354.052748022, 1.004552677,
2354.073179579, 1.004175194,
2354.093611235, 1.004216485,
2354.134474548, 1.004338321,
2354.154906205, 1.004261225,
2354.175337961, 1.004294203,
2354.195769518, 1.004305086,
2354.216201175, 1.004283290,
2354.236632932, 1.004194354,
2354.257064590, 1.004296356,
2354.277496247, 1.004354748,
2354.297927904, 1.004235432,
2354.318359562, 1.004347330,
2354.338791220, 1.004306641,
2354.379654535, 1.004456660,
2354.400086293, 1.004482771,
2354.420517852, 1.004276751,
2354.440949610, 1.004493539,
2354.461381268, 1.004448096,
2354.481812827, 1.004191908,
2354.502244585, 1.004169575,
2354.522676244, 1.004358032,
2354.543107803, 1.004444464,
2354.563539562, 1.004178107,
2354.583971221, 1.004269662,
2354.604402980, 1.004429320,
2354.624834540, 1.004168547,
2354.645266199, 1.003510599,
2354.665697859, 1.003522031,
2354.686129518, 1.003265395,
2354.706561178, 1.003414907,
2354.726992838, 1.003195388,
2354.747424498, 1.003535217,
2354.767856158, 1.004060568,
2354.788287819, 1.004408608,
2354.808719479, 1.004295208,
2354.829151240, 1.004424075,
2354.870014461, 1.004573012,
2354.890446222, 1.004395802,
2354.910877783, 1.004412915,
2354.931309444, 1.004472566,
2354.951741206, 1.004505365,
2354.972172867, 1.004457586,
2354.992604529, 1.004527192,
2355.013036190, 1.004478378,
2355.033467852, 1.004358789,
2355.053899614, 1.004279608,
2355.074331176, 1.004360380,
2355.115194601, 1.004201149,
2355.135626163, 1.004392103,
2355.156057926, 1.004443814,
2355.176489588, 1.004244517,
2355.196921151, 1.004340545,
2355.217352914, 1.004254615,
2355.237784577, 1.004419130,
2355.258216140, 1.004337354,
2355.278647904, 1.004281300,
2355.299079567, 1.004454094,
2355.319511131, 1.004541638,
2355.360374558, 1.004182015,
2355.380806322, 1.004218585,
2355.401237886, 1.004438517,
2355.421669550, 1.004252181,
2355.442101215, 1.004184846,
2355.462532879, 1.004392011,
2355.482964544, 1.004410666,
2355.503396208, 1.004182101,
2355.523827873, 1.004561848,
2355.544259638, 1.004416768,
2355.564691203, 1.004127207,
2355.605554634, 1.004246122,
2355.625986299, 1.004415335,
2355.646417865, 1.004268334,
2355.666849631, 1.004448534,
2355.687281297, 1.004481030,
2355.707712963, 1.004526948,
2355.728144629, 1.004328588,
2355.748576295, 1.004358215,
2355.769008061, 1.004428539,
2355.789439628, 1.004328261,
2355.809871295, 1.004612872,
2355.850734628, 1.004302047,
2355.871166295, 1.004411735,
2355.891598063, 1.004259341,
2355.912029630, 1.004683516,
2355.932461397, 1.004430614,
2355.952893065, 1.008699084,
2355.973324633, 1.004264451,
2355.993756401, 1.004162029,
2356.014188069, 1.004520807,
2356.034619737, 1.004299845,
2356.055051405, 1.004483941,
2356.075483074, 1.004417462,
2356.095914742, 1.004335368,
2356.116346411, 1.004440690,
2356.136778080, 1.004462428,
2356.157209749, 1.004597750,
2356.177641418, 1.004410993,
2356.198073087, 1.004283959,
2356.218504756, 1.004549271,
2356.238936426, 1.004527378,
2356.259368195, 1.004289046,
2356.279799865, 1.004422857,
2356.300231435, 1.004270150,
2356.341094875, 1.004365857,
2356.361526446, 1.004503134,
2356.381958216, 1.004621025,
2356.402389887, 1.004394915,
2356.422821457, 1.004459042,
2356.443253228, 1.004618901,
2356.463684899, 1.004499358,
2356.484116670, 1.004249260,
2356.504548242, 1.004191040,
2356.524979913, 1.004380328,
2356.545411685, 1.004372962,
2356.586274928, 1.004327039,
2356.606706700, 1.004146651,
2356.627138272, 1.004203672,
2356.647570045, 1.004548920,
2356.668001717, 1.004179588,
2356.688433290, 1.004456185,
2356.708865062, 1.004413796,
2356.729296735, 1.004394405,
2356.749728408, 1.004449952,
2356.770160081, 1.004409726,
2356.790591755, 1.004495375,
2356.831455102, 1.004400100,
2356.851886775, 1.004254875,
2356.872318449, 1.004194275,
2356.892750123, 1.004404379,
2356.913181797, 1.004303265,
2356.933613572, 1.004329948,
2356.954045146, 1.004348248,
2356.974476820, 1.004289509,
2356.994908595, 1.004440767,
2357.015340170, 1.004308564,
2357.035771945, 1.004489520,
2357.076635195, 1.004339114,
2357.097066971, 1.004306456,
2357.117498646, 1.004140966,
2357.137930222, 1.004439517,
2357.158361998, 1.004163986,
2357.178793674, 1.004408688,
2357.199225450, 1.004269151,
2357.219657026, 1.004346064,
2357.240088703, 1.004183893,
2357.260520480, 1.004285987,
2357.280952056, 1.004468517,
2357.321815510, 1.004264121,
2357.342247087, 1.004198442,
2357.362678865, 1.004371040,
2357.383110542, 1.004474964,
2357.403542220, 1.004406908,
2357.423973898, 1.004074669,
2357.444405576, 1.004308258,
2357.464837254, 1.004320832,
2357.485268932, 1.004433681,
2357.505700610, 1.004443498,
2357.526132189, 1.004744830,
2357.587427325, 1.004215844,
2357.607859004, 1.004019577,
2357.628290684, 1.004470280,
2357.648722463, 1.004235165,
2357.669154043, 1.004331338,
2357.689585722, 1.004370507,
2357.710017502, 1.004200657,
2357.730449082, 1.004046862,
2357.750880862, 1.004245158,
2357.771312543, 1.004230095,
2357.812175904, 1.004236216,
2357.832607585, 1.004254232,
2357.853039166, 1.004223315,
2357.873470947, 1.004333475,
2357.893902628, 1.004173857,
2357.914334410, 1.004316837,
2357.934765991, 1.004361348,
2357.955197673, 1.004255770,
2357.975629455, 1.004402375,
2357.996061037, 1.004266520,
2358.016492719, 1.004472619,
2358.057356184, 1.004711281,
2358.077787866, 1.004251484,
2358.098219549, 1.004516512,
2358.118651232, 1.004317165,
2358.139082915, 1.004408359,
2358.159514599, 1.004244280,
2358.179946182, 1.004444828,
2358.200377966, 1.004288637,
2358.220809649, 1.004304969,
2358.241241233, 1.004674481,
2358.261673017, 1.004695079,
2358.302536486, 1.004350883,
2358.322968070, 1.004502777,
2358.343399755, 1.004398107,
2358.363831540, 1.004523534,
2358.384263125, 1.004443635,
2358.404694810, 1.004454870,
2358.425126595, 1.004383957,
2358.445558181, 1.004359622,
2358.465989967, 1.004470637,
2358.486421652, 1.004205273,
2358.506853238, 1.004226477,
2358.547716711, 1.004494338,
2358.568148297, 1.004360092,
2358.588580084, 1.004356626,
2358.609011770, 1.004375446,
2358.629443557, 1.004297469,
2358.649875145, 1.004454690,
2358.670306832, 1.004266018,
2358.690738619, 1.004303053,
2358.711170307, 1.004389204,
2358.731601894, 1.004403840,
2358.752033682, 1.004535705,
2358.792896959, 1.004297462,
2358.813328747, 1.004370230,
2358.833760336, 1.004309353,
2358.854192124, 1.004289483,
2358.874623813, 1.004364228,
2358.895055402, 1.004466975,
2358.915487191, 1.004462076,
2358.935918881, 1.004482647,
2358.956350470, 1.004488807,
2358.976782260, 1.004367183,
2358.997213950, 1.004465233,
2359.038077330, 1.004416531,
2359.058509020, 1.004463463,
2359.078940811, 1.004453777,
2359.099372402, 1.004470552,
2359.119804092, 1.004530092,
2359.140235883, 1.004307331,
2359.160667475, 1.004543331,
2359.181099266, 1.004513136,
2359.201530957, 1.004331562,
2359.221962549, 1.004424993,
2359.242394341, 1.004432881,
2359.283257725, 1.004294930,
2359.303689418, 1.004455277,
2359.324121110, 1.004394127,
2359.344552803, 1.004315998,
2359.364984496, 1.004081201,
2359.385416189, 1.003905769,
2359.405847982, 1.003573426,
2359.426279675, 1.003193149,
2359.446711269, 1.003901790,
2359.467143062, 1.003551756,
2359.487574756, 1.003436804,
2359.528438145, 1.004165910,
2359.548869739, 1.004305073,
2359.569301533, 1.003975741,
2359.589733228, 1.004368657,
2359.610164823, 1.004477482,
2359.630596618, 1.004592484,
2359.651028313, 1.004300440,
2359.671459909, 1.004345018,
2359.691891704, 1.004398229,
2359.712323400, 1.004413398,
2359.732755196, 1.004251707,
2359.753186792, 1.004188595,
2359.773618488, 1.004307020,
2359.794050285, 1.004223445,
2359.814481881, 1.004123036,
2359.834913578, 1.004525027,
2359.855345375, 1.004177937,
2359.875776972, 1.004200768,
2359.896208770, 1.004326181,
2359.916640467, 1.004390131,
2359.937072165, 1.004256940,
2359.957503863, 1.004359571,
2359.977935561, 1.004505747,
2360.018798957, 1.004077573,
2360.100525752, 1.004317902,
2360.141389251, 1.004365076,
2360.161820850, 1.004266355,
2360.182252650, 1.004290468,
2360.202684250, 1.004329531,
2360.223115950, 1.004898034,
2360.263979351, 1.004463205,
2360.284411152, 1.004359905,
2360.304842852, 1.004316080,
2360.325274453, 1.004222914,
2360.345706255, 1.004198171,
2360.366137956, 1.004482433,
2360.386569558, 1.004365551,
2360.407001359, 1.004389915,
2360.427433061, 1.004388863,
2360.447864863, 1.004102526,
2360.468296466, 1.004430545,
2360.509159971, 1.004327361,
2360.529591573, 1.004695056,
2360.550023276, 1.004373398,
2360.570455079, 1.004334251,
2360.590886783, 1.004279608,
2360.611318486, 1.004395606,
2360.631750190, 1.004247262,
2360.652181894, 1.004360596,
2360.672613598, 1.004237529,
2360.693045302, 1.004288211,
2360.713477007, 1.004430971,
2360.733908811, 1.004308728,
2360.754340416, 1.004328987,
2360.774772121, 1.004397573,
2360.795203826, 1.004321386,
2360.815635531, 1.004502766,
2360.836067337, 1.004513210,
2360.856499043, 1.004669164,
2360.876930649, 1.004751198,
2360.897362455, 1.004365955,
2360.917794061, 1.004766152,
2360.938225767, 1.004956570,
2360.958657574, 1.004517017,
2360.999520988, 1.004551070,
2361.019952695, 1.004492605,
2361.040384302, 1.004622051,
2361.060816110, 1.004418796,
2361.081247818, 1.004236001,
2361.101679525, 1.004460872,
2361.122111233, 1.004493287,
2361.142542942, 1.004377628,
2361.162974750, 1.004530738,
2361.183406359, 1.004801335,
2361.203838068, 1.004490783,
2361.244701486, 1.004342392,
2361.265133195, 1.004312546,
2361.285565005, 1.004410152,
2361.305996715, 1.004396678,
2361.326428425, 1.004796859,
2361.346860135, 1.004973591,
2361.367291845, 1.004524808,
2361.387723556, 1.004490692,
2361.408155267, 1.004731920,
2361.428586977, 1.004454611,
2361.449018789, 1.004757323,
2361.510313923, 1.004343315,
2361.530745535, 1.004479565,
2361.551177347, 1.004260509,
2361.571608959, 1.004368477,
2361.592040672, 1.004380906,
2361.612472484, 1.004331621,
2361.632904097, 1.004313672,
2361.653335810, 1.004497830,
2361.673767623, 1.004460402,
2361.694199237, 1.004344879,
2361.735062764, 1.004548513,
2361.755494378, 1.004516366,
2361.775926192, 1.004771918,
2361.796357906, 1.004514879,
2361.816789621, 1.004354450,
2361.837221336, 1.004465147,
2361.857653051, 1.004623479,
2361.878084866, 1.004451458,
2361.898516481, 1.004271629,
2361.918948197, 1.004399054,
2361.939380012, 1.004407736,
2361.980243344, 1.004705027,
2362.000675161, 1.004470387,
2362.021106877, 1.004916152,
2362.041538594, 1.005034357,
2362.061970311, 1.004469234,
2362.082402028, 1.004614085,
2362.102833845, 1.004568822,
2362.123265462, 1.005118577,
2362.143697180, 1.004638570,
2362.164128998, 1.004602763,
2362.184560616, 1.004719852,
2362.225424053, 1.004711497,
2362.245855771, 1.004573711,
2362.266287590, 1.004898903,
2362.286719209, 1.004598768,
2362.307150928, 1.004504085,
2362.327582748, 1.004550136,
2362.348014368, 1.004494689,
2362.368446187, 1.004609315,
2362.388877907, 1.004638063,
2362.409309528, 1.004487201,
2362.429741348, 1.004604890,
2362.470604789, 1.004412894,
2362.491036510, 1.004463925,
2362.511468232, 1.004491453,
2362.531899953, 1.004528008,
2362.552331675, 1.004583086,
2362.572763397, 1.004643217,
2362.593195219, 1.004602980,
2362.613626941, 1.004687562,
2362.634058563, 1.004627955,
2362.654490386, 1.004427060,
2362.674922109, 1.004569498,
2362.715785555, 1.004091845,
2362.736217278, 1.004558280,
2362.756649102, 1.004621332,
2362.777080726, 1.004744819,
2362.797512450, 1.004510627,
2362.817944274, 1.004585137,
2362.838375899, 1.004638753,
2362.858807623, 1.004411229,
2362.879239448, 1.004426018,
2362.899671073, 1.004308717,
2362.920102898, 1.004752494,
2362.940534524, 1.004398662,
2362.960966249, 1.004189183,
2362.981398075, 1.004480867,
2363.001829701, 1.004487235,
2363.022261428, 1.004322776,
2363.042693254, 1.004461479,
2363.063124881, 1.004396895,
2363.083556708, 1.004384213,
2363.103988435, 1.004493904,
2363.124420162, 1.004506438,
2363.144851890, 1.004567483,
2363.165283617, 1.004388695,
2363.206147073, 1.004671665,
2363.226578802, 1.004567859,
2363.247010630, 1.004550980,
2363.267442259, 1.004423860,
2363.287873988, 1.004619076,
2363.308305817, 1.004626254,
2363.328737547, 1.004478793,
2363.349169176, 1.004545383,
2363.369601006, 1.004388298,
2363.390032736, 1.004407628,
2363.410464366, 1.004490271,
2363.451327927, 1.004552178,
2363.471759758, 1.004696159,
2363.492191389, 1.004600772,
2363.512623121, 1.004548746,
2363.533054952, 1.004561354,
2363.553486584, 1.004531800,
2363.573918316, 1.004625774,
2363.594350048, 1.004605839,
2363.614781780, 1.004499935,
2363.635213613, 1.004637075,
2363.655645245, 1.004849375,
2363.676076978, 1.004518592,
2363.696508811, 1.004693282,
2363.716940445, 1.004676001,
2363.737372178, 1.004624803,
2363.757804012, 1.004827138,
2363.778235746, 1.004576711,
2363.798667480, 1.004773766,
2363.819099215, 1.004623754,
2363.839530949, 1.004882730,
2363.859962684, 1.004795863,
2363.880394419, 1.004798937,
2363.900826155, 1.004723099,
2363.941689626, 1.004646476,
2363.962121462, 1.004826780,
2363.982553198, 1.004619199,
2364.002984834, 1.004675116,
2364.023416671, 1.004833211,
2364.043848407, 1.004714021,
2364.064280044, 1.004629216,
2364.084711882, 1.004711720,
2364.105143619, 1.003976152,
2364.125575457, 1.003662214,
2364.146007094, 1.003598072,
2364.166438833, 1.003478496,
2364.186870571, 1.003782313,
2364.207302309, 1.003610720,
2364.227734048, 1.004202887,
2364.248165787, 1.004507960,
2364.268597526, 1.004640202,
2364.289029365, 1.004712224,
2364.309461005, 1.004538891,
2364.329892745, 1.004967594,
2364.350324585, 1.004598193,
2364.370756225, 1.004706141,
2364.391187966, 1.004802096,
2364.432051447, 1.004562879,
2364.452483188, 1.004520865,
2364.472915029, 1.004771703,
2364.493346771, 1.004725691,
2364.513778513, 1.004724420,
2364.534210255, 1.004561889,
2364.554641997, 1.004687445,
2364.575073739, 1.004745732,
2364.595505482, 1.004622361,
2364.615937225, 1.004812373,
2364.636369068, 1.004936105,
2364.677232555, 1.004568195,
2364.697664299, 1.004849718,
2364.718095943, 1.004622096,
2364.738527787, 1.004833144,
2364.758959531, 1.004747789,
2364.779391176, 1.004797304,
2364.799823021, 1.004751980,
2364.820254766, 1.004647422,
2364.840686611, 1.004812004,
2364.861118256, 1.004597961,
2364.881550002, 1.004681418,
2364.922413494, 1.004869816,
2364.942845241, 1.004730428,
2364.963276987, 1.004735238,
2364.983708734, 1.004650814,
2365.004140581, 1.004770890,
2365.024572229, 1.004958732,
2365.045003976, 1.004722627,
2365.065435824, 1.004766248,
2365.085867472, 1.004800308,
2365.106299220, 1.005034204,
2365.126731069, 1.004946461,
2365.167594566, 1.004916343,
2365.188026315, 1.004889898,
2365.208458064, 1.004725454,
2365.228889814, 1.004850659,
2365.249321564, 1.004843216,
2365.269753314, 1.005144088,
2365.290185164, 1.004839092,
2365.310616815, 1.004824141,
2365.331048665, 1.004680162,
2365.351480416, 1.005082308,
2365.371912067, 1.004865715,
2365.412775670, 1.004810088,
2365.433207322, 1.004745504,
2365.453639174, 1.004782976,
2365.474070926, 1.004876636,
2365.494502579, 1.004760360,
2365.514934432, 1.004850415,
2365.535366185, 1.004703332,
2365.555798038, 1.004931666,
2365.576229691, 1.004771706,
2365.596661445, 1.004661375,
2365.617093199, 1.004918047,
2365.657956707, 1.004398472,
2365.678388462, 1.004527428,
2365.698820217, 1.004824459,
2365.719252072, 1.004454732,
2365.739683727, 1.004869363,
2365.760115483, 1.004832052,
2365.780547338, 1.004760537,
2365.800979094, 1.004530829,
2365.821410750, 1.004890217,
2365.841842607, 1.004857318,
2365.862274363, 1.004916719,
2365.882706120, 1.004668848,
2365.903137878, 1.004845537,
2365.923569635, 1.004682708,
2365.944001493, 1.004950496,
2365.964433150, 1.004777119,
2365.984864908, 1.004833443,
2366.005296767, 1.004828287,
2366.025728425, 1.004721643,
2366.046160284, 1.004934175,
2366.066592043, 1.004906737,
2366.087023702, 1.005099464,
2366.107455562, 1.005314585,
2366.148318981, 1.004800811,
2366.168750842, 1.004642584,
2366.189182602, 1.004944577,
2366.209614363, 1.004873675,
2366.230046123, 1.004840172,
2366.250477885, 1.004665649,
2366.270909646, 1.004931140,
2366.291341408, 1.004733877,
2366.311773169, 1.004794345,
2366.332204931, 1.004791837,
2366.352636694, 1.004654508,
2366.393500219, 1.004684208,
2366.413931982, 1.004714768,
2366.434363845, 1.004758172,
2366.454795509, 1.004750194,
2366.475227273, 1.004603057,
2366.495659137, 1.004798982,
2366.516090901, 1.004848297,
2366.556954430, 1.004672921,
2366.577386195, 1.004840315,
2366.597818060, 1.004844557,
2366.618249725, 1.004823363,
2366.638681491, 1.004776316,
2366.659113357, 1.004847167,
2366.679545023, 1.004745966,
2366.699976889, 1.004940940,
2366.720408656, 1.004806304,
2366.740840323, 1.004755998,
2366.761272190, 1.004827156,
2366.781703957, 1.005069328,
2366.802135625, 1.004743926,
2366.822567493, 1.005002456,
2366.842999260, 1.004949629,
2366.883862797, 1.004738466,
2366.904294566, 1.004693915,
2366.924726435, 1.004787311,
2366.945158104, 1.004591851,
2366.965589874, 1.004744301,
2366.986021644, 1.004713535,
2367.006453414, 1.004714457,
2367.026885184, 1.005035493,
2367.047316954, 1.004660198,
2367.067748725, 1.004939170,
2367.088180596, 1.004781063,
2367.129044039, 1.004580246,
2367.149475910, 1.004720836,
2367.169907682, 1.004532059,
2367.190339354, 1.004623951,
2367.210771227, 1.004657479,
2367.231203000, 1.004447847,
2367.251634772, 1.004884476,
2367.272066546, 1.004744680,
2367.292498319, 1.004774186,
2367.312930193, 1.004684922,
2367.333361867, 1.004691515,
2367.394657190, 1.004738067,
2367.415089065, 1.004784895,
2367.435520840, 1.004535419,
2367.455952515, 1.004719872,
2367.476384391, 1.004761559,
2367.496816167, 1.004717722,
2367.517247843, 1.004751730,
2367.537679719, 1.004856393,
2367.558111496, 1.004636005,
2367.578543273, 1.004731981,
2367.598975050, 1.004814132,
2367.619406827, 1.004569133,
2367.639838605, 1.004954275,
2367.660270383, 1.004614393,
2367.680702161, 1.004601296,
2367.701133939, 1.004488835,
2367.721565718, 1.004590739,
2367.741997597, 1.004733244,
2367.762429276, 1.004716795,
2367.782861055, 1.004709136,
2367.803292935, 1.004589458,
2367.823724715, 1.004849425,
2367.864588275, 1.004977289,
2367.885020056, 1.004645251,
2367.905451837, 1.004905820,
2367.925883618, 1.004699297,
2367.946315399, 1.004799030,
2367.966747281, 1.004770389,
2367.987178963, 1.004729109,
2368.007610745, 1.004781230,
2368.028042627, 1.004835843,
2368.048474310, 1.004823143,
2368.068906193, 1.004979227,
2368.089337976, 1.004810222,
2368.109769659, 1.004695654,
2368.130201543, 1.004762104,
2368.150633327, 1.004696772,
2368.171065011, 1.004757131,
2368.191496896, 1.004859876,
2368.211928680, 1.004839638,
2368.232360465, 1.004850655,
2368.252792250, 1.004908628,
2368.273224036, 1.004806377,
2368.293655821, 1.004600353,
2368.314087607, 1.004556861,
2368.354951180, 1.004764413,
2368.375382967, 1.004701531,
2368.395814854, 1.004715177,
2368.416246541, 1.004782925,
2368.436678329, 1.004714964,
2368.457110216, 1.004922667,
2368.477542004, 1.004795070,
2368.497973693, 1.004687185,
2368.518405581, 1.004853971,
2368.538837370, 1.004927325,
2368.559269059, 1.004577395,
2368.600132738, 1.004769283,
2368.620564628, 1.004929533,
2368.640996318, 1.004629478,
2368.661428108, 1.004681038,
2368.681859998, 1.004861205,
2368.702291689, 1.004948095,
2368.722723480, 1.004788062,
2368.743155372, 1.004747180,
2368.763587063, 1.004648651,
2368.784018955, 1.004527024,
2368.804450748, 1.004686320,
2368.845314333, 1.004899173,
2368.865746125, 1.004817052,
2368.886177819, 1.004478743,
2368.906609712, 1.004237309,
2368.927041506, 1.004039857,
2368.947473400, 1.003981038,
2368.967905094, 1.004297565,
2368.988336888, 1.004658784,
2369.008768683, 1.004894945,
2369.029200478, 1.004811021,
2369.049632274, 1.004729387,
2369.070064069, 1.004732818,
2369.090495865, 1.004831544,
2369.110927761, 1.004723351,
2369.131359457, 1.004636860,
2369.151791254, 1.004692950,
2369.172223151, 1.004637626,
2369.192654948, 1.004725380,
2369.213086645, 1.004568856,
2369.233518543, 1.004825000,
2369.253950341, 1.004724392,
2369.274382139, 1.004667220,
2369.294813938, 1.004686719,
2369.356109334, 1.004583043,
2369.376541134, 1.004607446,
2369.396973034, 1.004760064,
2369.417404734, 1.004869541,
2369.437836634, 1.004526965,
2369.458268435, 1.004669049,
2369.478700135, 1.004633871,
2369.499132037, 1.004615103,
2369.519563838, 1.004482513,
2369.539995540, 1.004568349,
2369.580859244, 1.004750592,
2369.601291046, 1.004772495,
2369.621722849, 1.004607793,
2369.642154652, 1.004661452,
2369.662586455, 1.004677258,
2369.683018259, 1.004360668,
2369.703450062, 1.004458856,
2369.723881866, 1.004665614,
2369.744313671, 1.004744395,
2369.764745575, 1.004748413,
2369.785177280, 1.004701255,
2369.826040991, 1.004806841,
2369.846472796, 1.004613529,
2369.866904502, 1.004460118,
2369.887336408, 1.004591552,
2369.907768215, 1.004685480,
2369.928200022, 1.004641884,
2369.948631829, 1.004820337,
2369.969063636, 1.004591499,
2369.989495544, 1.004655176,
2370.009927251, 1.004705472,
2370.030359060, 1.004561544,
2370.071222677, 1.005094045,
2370.091654485, 1.005057500,
2370.112086395, 1.004633005,
2370.132518104, 1.004675547,
2370.152950014, 1.004769666,
2370.173381824, 1.004568282,
2370.193813534, 1.004498045,
2370.214245445, 1.004724355,
2370.234677256, 1.004343957,
2370.255109067, 1.004593593,
2370.275540878, 1.004487180,
2370.295972690, 1.004715505,
2370.316404602, 1.004608390,
2370.336836314, 1.004652456,
2370.357268126, 1.004993836,
2370.377699939, 1.004648717,
2370.398131752, 1.004760127,
2370.418563565, 1.004568423,
2370.438995379, 1.004416639,
2370.459427193, 1.004386532,
2370.479859107, 1.004727897,
2370.500290921, 1.004702275,
2370.520722636, 1.004787701,
2370.561586366, 1.004556474,
2370.582018082, 1.004486617,
2370.602449997, 1.004408599,
2370.622881813, 1.004466171,
2370.643313730, 1.004651288,
2370.663745446, 1.004310258,
2370.684177263, 1.004570572,
2370.704609180, 1.004359972,
2370.725040898, 1.004624773,
2370.745472716, 1.004427813,
2370.765904634, 1.004524639,
2370.806768271, 1.004585954,
2370.827200089, 1.004582923,
2370.847631809, 1.004434421,
2370.868063728, 1.004552270,
2370.888495548, 1.004670722,
2370.908927268, 1.004540325,
2370.929359188, 1.004349205,
2370.949791008, 1.004296197,
2370.970222829, 1.004365667,
2370.990654650, 1.004769778,
2371.011086472, 1.004707807,
2371.051950115, 1.004452804,
2371.072381937, 1.004589510,
2371.092813760, 1.004471636,
2371.113245583, 1.004522576,
2371.133677506, 1.004465970,
2371.154109229, 1.004309047,
2371.174541053, 1.004611145,
2371.194972977, 1.004477255,
2371.215404801, 1.004457926,
2371.235836525, 1.004415314,
2371.256268450, 1.004283626,
2371.297132200, 1.004338549,
2371.317563926, 1.004557445,
2371.337995752, 1.004348440,
2371.358427678, 1.004574928,
2371.378859404, 1.004281920,
2371.399291231, 1.004422357,
2371.419723158, 1.004314494,
2371.440154885, 1.004368369,
2371.460586813, 1.004457607,
2371.481018641, 1.004342924,
2371.501456128, 1.004657185,
2371.521882272, 1.004268420,
2371.542314100, 1.004499366,
2371.562745829, 1.004465343,
2371.583177759, 1.004652791,
2371.603609588, 1.004552311,
2371.624041518, 1.004376356,
2371.644473248, 1.004556942,
2371.664905079, 1.004300773,
2371.685337009, 1.004434274,
2371.705768740, 1.004398859,
2371.726200572, 1.004326661,
2371.746632503, 1.004418216,
2371.787496067, 1.004475772,
2371.807928000, 1.004475995,
2371.828359832, 1.004442346,
2371.848791665, 1.004507440,
2371.869223499, 1.004426604,
2371.889655332, 1.004550374,
2371.910087266, 1.004494283,
2371.930519001, 1.004449224,
2371.950950835, 1.004590848,
2371.971382770, 1.004417246,
2371.991814505, 1.004460758,
2372.032678276, 1.004562562,
2372.053110012, 1.004398601,
2372.073541948, 1.004342526,
2372.093973684, 1.004374141,
2372.114405521, 1.004386721,
2372.134837458, 1.004372644,
2372.155269196, 1.004374477,
2372.175701133, 1.004598189,
2372.196132971, 1.004330612,
2372.216564710, 1.004489923,
2372.236996648, 1.004339100,
2372.277860326, 1.004506729,
2372.298292166, 1.004498074,
2372.318724005, 1.004360893,
2372.339155945, 1.004617996,
2372.359587686, 1.004509166,
2372.380019526, 1.004453454,
2372.400451467, 1.004253190,
2372.420883308, 1.004273666,
2372.441315050, 1.004294969,
2372.461746992, 1.004495559,
2372.482178834, 1.004464688,
2372.502610676, 1.004439631,
2372.523042519, 1.004537656,
2372.543474362, 1.004369674,
2372.563906205, 1.004492695,
2372.584338048, 1.004400924,
2372.604769892, 1.004316299,
2372.625201836, 1.004127022,
2372.645633581, 1.004622368,
2372.666065525, 1.004549171,
2372.686497270, 1.004440407,
2372.706929116, 1.004535739,
2372.727361061, 1.004455280,
2372.768224653, 1.004666342,
2372.788656600, 1.004485677,
2372.809088347, 1.004389044,
2372.829520294, 1.004524600,
2372.849952141, 1.004386756,
2372.870383889, 1.004500327,
2372.890815837, 1.004540699,
2372.911247685, 1.004422312,
2372.931679434, 1.004512767,
2372.952111383, 1.004592540,
2372.972543232, 1.004564116,
2372.992975181, 1.004578652,
2373.013406931, 1.004315793,
2373.033838781, 1.004442311,
2373.054270732, 1.004512314,
2373.074702582, 1.004461259,
2373.095134333, 1.004436750,
2373.115566284, 1.004499345,
2373.135998136, 1.004548500,
2373.156429988, 1.004527128,
2373.176861840, 1.004377500,
2373.197293693, 1.004547792,
2373.217725645, 1.004443535,
2373.279021205, 1.004163461,
2373.299452959, 1.004474834,
2373.319884914, 1.004657421,
2373.340316668, 1.004536355,
2373.360748523, 1.004432659,
2373.381180478, 1.004438933,
2373.401612234, 1.004473301,
2373.422044090, 1.004516300,
2373.442476046, 1.004647547,
2373.462907802, 1.004637737,
2373.483339759, 1.004413221,
2373.503771616, 1.004424260,
2373.524203373, 1.004677773,
2373.544635331, 1.004614523,
2373.565067189, 1.004298557,
2373.585498947, 1.003555747,
2373.605930905, 1.003455457,
2373.626362764, 1.003509829,
2373.646794723, 1.003442224,
2373.667226483, 1.003255096,
2373.687658342, 1.003549661,
2373.708090302, 1.004238213,
2373.728522063, 1.004786540,
2373.748953924, 1.004397462,
2373.769385884, 1.004623751,
2373.789817746, 1.004669381,
2373.810249507, 1.004548584,
2373.830681469, 1.004513911,
2373.851113331, 1.004540068,
2373.871545194, 1.004463101,
2373.891977057, 1.004375605,
2373.912408920, 1.004522508,
2373.932840883, 1.004389522,
2373.953272647, 1.004555258,
2373.994136475, 1.004476536,
2374.014568240, 1.004461281,
2374.035000205, 1.004416112,
2374.055431970, 1.004355864,
2374.075863836, 1.004338519,
2374.096295802, 1.004563670,
2374.116727568, 1.004364342,
2374.137159434, 1.004337770,
2374.157591401, 1.004434196,
2374.178023168, 1.004557079,
2374.198455136, 1.004401147,
2374.239318771, 1.004229890,
2374.259750740, 1.004394013,
2374.280182608, 1.004482113,
2374.300614478, 1.004410202,
2374.321046347, 1.004484628,
2374.341478216, 1.004445264,
2374.361910186, 1.004471316,
2374.382341956, 1.004461509,
2374.402773827, 1.004260148,
2374.423205798, 1.004330237,
2374.443637669, 1.004414677,
2374.464069440, 1.004490261,
2374.484501412, 1.004608315,
2374.504933284, 1.004338066,
2374.525365157, 1.004344268,
2374.545797029, 1.004459424,
2374.566228902, 1.004416256,
2374.586660876, 1.004313672,
2374.607092649, 1.004287400,
2374.627524523, 1.004392372,
2374.647956498, 1.004285615,
2374.668388272, 1.004445437,
2374.688820247, 1.004515684,
2374.729683898, 1.004557693,
2374.750115874, 1.004406108,
2374.770547650, 1.004457316,
2374.790979526, 1.004683256,
2374.811411503, 1.004639523,
2374.831843280, 1.004466856,
2374.852275258, 1.004472609,
2374.872707136, 1.004405592,
2374.893138914, 1.004434906,
2374.913570892, 1.004371675,
2374.934002771, 1.004370023,
2374.974866529, 1.004351513,
2374.995298409, 1.004221115,
2375.015730388, 1.004429575,
2375.036162169, 1.004353157,
2375.056594049, 1.004321291,
2375.077026030, 1.004478346,
2375.097457912, 1.004446053,
2375.117889793, 1.004366694,
2375.138321675, 1.004336105,
2375.158753557, 1.004292727,
2375.179185440, 1.004692509,
2375.240481189, 1.004456185,
2375.260912973, 1.004293931,
2375.281344957, 1.004288379,
2375.301776841, 1.004605561,
2375.322208626, 1.004265214,
2375.342640611, 1.004412969,
2375.363072396, 1.004248320,
2375.383504282, 1.004217617,
2375.403936268, 1.004305287,
2375.424368154, 1.004257251,
2375.444800041, 1.004136906,
2375.465231928, 1.004395915,
2375.485663715, 1.004203713,
2375.506095703, 1.004331435,
2375.526527591, 1.004242230,
2375.546959379, 1.004228162,
2375.567391368, 1.004560590,
2375.587823257, 1.004502175,
2375.608255246, 1.004346991,
2375.628687035, 1.004259392,
2375.649118925, 1.004299375,
2375.669550915, 1.004386227,
2375.710414597, 1.004435423,
2375.730846588, 1.004537424,
2375.751278379, 1.004480582,
2375.771710371, 1.004324761,
2375.792142263, 1.004343736,
2375.812574156, 1.004307820,
2375.833006048, 1.004401627,
2375.853437942, 1.004314613,
2375.873869835, 1.004404602,
2375.894301829, 1.004393037,
2375.914733623, 1.004233563,
2375.955597512, 1.004440679,
2375.976029307, 1.004546002,
2375.996461303, 1.004487582,
2376.016893198, 1.004414480,
2376.037324994, 1.004016728,
2376.057756990, 1.004318666,
2376.078188787, 1.004422931,
2376.098620684, 1.004275659,
2376.119052681, 1.004253569,
2376.139484479, 1.004370870,
2376.159916477, 1.004366849,
2376.200780174, 1.004119927,
2376.221212173, 1.004262314,
2376.241644072, 1.004333189,
2376.262075872, 1.004323871,
2376.282507872, 1.004425032,
2376.302939772, 1.004427631,
2376.323371773, 1.004654989,
2376.343803574, 1.004275515,
2376.364235475, 1.004283088,
2376.384667477, 1.004247279,
2376.405099278, 1.004662625,
2376.445963183, 1.004292809,
2376.466395086, 1.004132507,
2376.486826989, 1.004208118,
2376.507258893, 1.004333777,
2376.527690797, 1.004164830,
2376.548122701, 1.004294508,
2376.568554606, 1.004019809,
2376.588986511, 1.003998908,
2376.609418516, 1.004331462,
2376.629850321, 1.004321611,
2376.650282327, 1.004280943,
2376.691146040, 1.004305954,
2376.711578047, 1.004223715,
2376.732009854, 1.004334642,
2376.752441762, 1.004210184,
2376.772873770, 1.004196556,
2376.793305578, 1.004353572,
2376.813737586, 1.004389382,
2376.834169495, 1.004267975,
2376.854601304, 1.004194597,
2376.875033314, 1.004402179,
2376.895465224, 1.004362844,
2376.936329044, 1.004117944,
2376.956760955, 1.004025947,
2376.977192966, 1.004170456,
2376.997624778, 1.004257716,
2377.018056690, 1.004401067,
2377.038488702, 1.004199908,
2377.058920515, 1.004176305,
2377.079352428, 1.004263260,
2377.099784441, 1.004608480,
2377.120216354, 1.004386148,
2377.140648268, 1.003874528,
2377.181512097, 1.004352962,
2377.201944012, 1.004017661,
2377.222375927, 1.004179531,
2377.242807842, 1.004235642,
2377.263239858, 1.004288825,
2377.283671675, 1.004482419,
2377.304103691, 1.004318419,
2377.324535608, 1.004209320,
2377.344967425, 1.004086818,
2377.365399443, 1.004229508,
2377.385831361, 1.004159245,
2377.406263179, 1.003958084,
2377.426695198, 1.004104986,
2377.467559036, 1.004188584,
2377.487990956, 1.004074471,
2377.508422775, 1.004176021,
2377.528854796, 1.004209966,
2377.549286716, 1.004371135,
2377.569718537, 1.004348454,
2377.590150559, 1.004304395,
2377.610582480, 1.004621731,
2377.631014502, 1.004278676,
2377.671878247, 1.004126471,
2377.692310270, 1.003896316,
2377.712742093, 1.004308175,
2377.733174017, 1.004158854,
2377.753606041, 1.004173989,
2377.774037966, 1.004108845,
2377.794469890, 1.004219458,
2377.814901815, 1.004016103,
2377.835333741, 1.004027130,
2377.855765666, 1.004008429,
2377.876197592, 1.003887928,
2377.917061546, 1.004140671,
2377.937493373, 1.004043451,
2377.957925400, 1.004149936,
2377.978357328, 1.004067336,
2377.998789156, 1.004119138,
2378.019221185, 1.004264488,
2378.039653113, 1.004025028,
2378.060084943, 1.004203513,
2378.080516972, 1.003960776,
2378.100948802, 1.003903142,
2378.121380832, 1.003899360,
2378.141812763, 1.003853240,
2378.162244593, 1.004133861,
2378.182676625, 1.004036026,
2378.203108556, 1.004091271,
2378.223540388, 1.004175145,
2378.243972420, 1.003897950,
2378.264404353, 1.004206498,
2378.284836386, 1.004036206,
2378.305268219, 1.003521289,
2378.325700153, 1.003503622,
2378.346132187, 1.003527177,
2378.366564021, 1.003353217,
2378.407427991, 1.003152055,
2378.427859826, 1.003083773,
2378.448291862, 1.004034808,
2378.468723798, 1.004124366,
2378.489155734, 1.004039289,
2378.509587671, 1.003964071,
2378.530019608, 1.004040932,
2378.550451546, 1.004503371,
2378.570883484, 1.004013208,
2378.591315422, 1.004031518,
2378.611747460, 1.004002076,
2378.652611238, 1.003922199,
2378.673043278, 1.003890713,
2378.693475217, 1.004046815,
2378.713907058, 1.004097982,
2378.734339098, 1.003841663,
2378.754770939, 1.004020743,
2378.775202981, 1.003935295,
2378.795634922, 1.003884505,
2378.816066764, 1.003914269,
2378.836498806, 1.004038656,
2378.856930749, 1.003900490,
2378.897794635, 1.003986599,
2378.918226579, 1.003822115,
2378.938658623, 1.003933127,
2378.959090468, 1.003892253,
2378.979522413, 1.003948935,
2378.999954458, 1.003963715,
2379.020386303, 1.004001434,
2379.040818249, 1.003872334,
2379.061250295, 1.004028617,
2379.081682142, 1.003956298,
2379.102114189, 1.004036420,
2379.142978084, 1.003891325,
2379.163410031, 1.004041971,
2379.183841980, 1.003705750,
2379.204273929, 1.003819686,
2379.224705878, 1.003979616,
2379.245137827, 1.003929776,
2379.265569877, 1.003894248,
2379.286001827, 1.004119053,
2379.306433677, 1.003912358,
2379.326865728, 1.004093808,
2379.347297679, 1.003835503,
2379.367729531, 1.004042017,
2379.388161582, 1.004145176,
2379.408593535, 1.003987009,
2379.429025387, 1.003975693,
2379.449457440, 1.004082052,
2379.469889293, 1.003894547,
2379.490321347, 1.004025867,
2379.510753301, 1.003726526,
2379.531185155, 1.003769288,
2379.551617210, 1.003946341,
2379.572049165, 1.003778996,
2379.592481020, 1.004097160,
2379.633345032, 1.003829682,
2379.653777089, 1.003917177,
2379.674208946, 1.003919786,
2379.694640903, 1.003995058,
2379.715072960, 1.004011786,
2379.735504818, 1.003823046,
2379.755936777, 1.003883919,
2379.776368835, 1.003766981,
2379.796800794, 1.003992656,
2379.817232753, 1.003837640,
2379.837664713, 1.003943381,
2379.878528633, 1.003896199,
2379.898960594, 1.003988393,
2379.919392555, 1.003969763,
2379.939824617, 1.003936224,
2379.960256479, 1.003805734,
2379.980688541, 1.003903037,
2380.001120503, 1.003967960,
2380.021552366, 1.003818854,
2380.041984430, 1.003695737,
2380.062416393, 1.004031188,
2380.082848257, 1.004017937,
2380.123712186, 1.003911032,
2380.144144251, 1.003931603,
2380.164576217, 1.003769145,
2380.185008083, 1.003839959,
2380.205440149, 1.003886447,
2380.225872115, 1.003950031,
2380.246303982, 1.003928656,
2380.266736050, 1.003968821,
2380.287168017, 1.003800762,
2380.307600085, 1.004002951,
2380.328031954, 1.004085587,
2380.368895991, 1.003852684,
2380.389327861, 1.004110392,
2380.409759831, 1.003844442,
2380.430191901, 1.003933023,
2380.450623771, 1.003957931,
2380.471055842, 1.003989249,
2380.491487813, 1.003961774,
2380.511919785, 1.003816558,
2380.532351757, 1.003778812,
2380.552783729, 1.003950921,
2380.573215702, 1.003868614,
2380.614079649, 1.003827028,
2380.634511722, 1.003868337,
2380.654943697, 1.003943544,
2380.675375571, 1.004048386,
2380.695807646, 1.003953592,
2380.716239621, 1.003775413,
2380.736671497, 1.003853648,
2380.757103573, 1.004016240,
2380.777535449, 1.003948477,
2380.797967526, 1.003934201,
2380.818399503, 1.003732400,
2380.859263458, 1.003837890,
2380.879695437, 1.004021441,
2380.900127315, 1.004025866,
2380.920559394, 1.003912105,
2380.940991373, 1.003750201,
2380.961423453, 1.003981429,
2380.981855333, 1.003887347,
2381.002287313, 1.004134212,
2381.022719394, 1.003985664,
2381.043151275, 1.003893714,
2381.063583257, 1.004054948,
2381.104447321, 1.004029949,
2381.124879304, 1.004054699,
2381.145311287, 1.003813608,
2381.165743270, 1.003983533,
2381.186175254, 1.003843601,
2381.206607238, 1.003640087,
2381.227039222, 1.003867152,
2381.247471207, 1.003897963,
2381.267903192, 1.004030622,
2381.288335278, 1.004028229,
2381.308767264, 1.003866599,
2381.349631237, 1.003854350,
2381.370063224, 1.004109524,
2381.390495111, 1.003867920,
2381.410927199, 1.003870399,
