BJD - 2454833, Corrected Flux,
2146.452489051, 1.000409525,
2146.513785360, 1.000295572,
2146.534217562, 1.000208064,
2146.554649563, 1.000182553,
2146.575081664, 1.000185196,
2146.595513865, 1.000210197,
2146.615945865, 1.000128677,
2146.636377964, 1.000214732,
2146.656810063, 1.000345287,
2146.677242162, 1.000287312,
2146.697674359, 1.000141718,
2146.718106357, 1.000150995,
2146.738538454, 0.999886473,
2146.758970650, 0.999917280,
2146.779402746, 0.999916317,
2146.799834742, 1.000061771,
2146.820266937, 1.000245740,
2146.840699031, 1.000250969,
2146.861131025, 1.000164486,
2146.881563219, 1.000157619,
2146.901995312, 1.000124457,
2146.922427304, 1.000175114,
2146.942859496, 1.000285005,
2146.963291588, 1.000434423,
2146.983723578, 1.000190791,
2147.004155769, 1.000200434,
2147.024587859, 1.000161044,
2147.045019849, 1.000110990,
2147.065452037, 1.000086366,
2147.085884126, 1.000101745,
2147.106316214, 1.000158762,
2147.126748301, 1.000061314,
2147.147180389, 1.000084487,
2147.188044561, 1.000129869,
2147.208476647, 1.000123566,
2147.228908832, 1.000031924,
2147.249340916, 0.999993788,
2147.269772900, 1.000020516,
2147.290205084, 1.000076504,
2147.310637167, 1.000112939,
2147.351501332, 1.000115564,
2147.371933313, 1.000017433,
2147.392365394, 0.999948075,
2147.412797575, 1.000075041,
2147.433229555, 0.999869686,
2147.453661634, 0.999925214,
2147.494525792, 0.999972069,
2147.514957870, 0.999783695,
2147.535390048, 0.999644877,
2147.555822025, 0.999571992,
2147.576254102, 0.999787220,
2147.596686278, 1.000032583,
2147.617118354, 0.999918322,
2147.637550329, 0.999906150,
2147.657982504, 0.999787047,
2147.678414578, 0.999918680,
2147.698846652, 0.999649101,
2147.719278725, 0.999785272,
2147.739710797, 0.999873366,
2147.760142970, 0.999867684,
2147.780574942, 0.999849024,
2147.801007013, 0.999808819,
2147.821439184, 0.999951765,
2147.841871154, 0.999828888,
2147.862303223, 0.999866790,
2147.882735393, 0.999799448,
2147.903167362, 0.999686831,
2147.923599430, 0.999749450,
2147.944031598, 0.999721908,
2147.984895632, 0.999733010,
2148.005327798, 0.999804908,
2148.025759764, 0.999788305,
2148.046191830, 0.999847750,
2148.066623995, 0.999812398,
2148.087056059, 0.999668993,
2148.107488023, 0.999913952,
2148.127920187, 0.999823164,
2148.148352149, 0.999761435,
2148.168784212, 0.999723876,
2148.189216374, 0.999762450,
2148.209648336, 0.999780014,
2148.230080397, 0.999661862,
2148.250512557, 0.999643041,
2148.270944517, 0.999726158,
2148.291376677, 0.999692047,
2148.311808735, 0.999501999,
2148.332240694, 0.999290431,
2148.373104910, 0.999385645,
2148.393536867, 0.999554929,
2148.413969024, 0.999760518,
2148.434401080, 0.999742376,
2148.475265191, 0.999726551,
2148.495697246, 0.999786695,
2148.516129300, 0.999779552,
2148.536561354, 0.999797774,
2148.556993407, 0.999798632,
2148.577425460, 0.999721161,
2148.597857612, 0.999781144,
2148.618289564, 0.999859494,
2148.638721615, 0.999728187,
2148.659153766, 0.999864043,
2148.679585716, 0.999661531,
2148.700017766, 0.999741197,
2148.740881864, 0.999691889,
2148.761313913, 0.999687789,
2148.781746061, 0.999869862,
2148.802178009, 0.999759768,
2148.822610055, 0.999689624,
2148.843042202, 0.999723612,
2148.863474148, 0.999678722,
2148.883906294, 0.999646211,
2148.904338239, 0.999700084,
2148.924770283, 0.999756080,
2148.945202428, 0.999695127,
2148.965634371, 0.999622398,
2148.986066414, 0.999612129,
2149.006498557, 0.999661673,
2149.026930599, 0.999597431,
2149.047362541, 0.999755715,
2149.067794682, 0.999639166,
2149.088226723, 0.999480897,
2149.108658663, 0.999364720,
2149.129090803, 0.999319184,
2149.149522842, 0.999384825,
2149.169954781, 0.999602621,
2149.190386919, 0.999666694,
2149.210818957, 0.999666661,
2149.231250895, 0.999584206,
2149.251683032, 0.999611311,
2149.272115068, 0.999573694,
2149.312979139, 0.999722766,
2149.333411175, 0.999749372,
2149.353843209, 0.999546364,
2149.374275243, 0.999621469,
2149.394707277, 0.999564804,
2149.415139310, 0.999586829,
2149.456003375, 0.999623608,
2149.476435507, 0.999657380,
2149.496867538, 0.999638822,
2149.517299469, 0.999716080,
2149.537731599, 0.999640603,
2149.558163629, 0.999694534,
2149.578595558, 0.999704348,
2149.599027687, 0.999636602,
2149.639891643, 0.999770322,
2149.660323771, 0.999725200,
2149.680755698, 0.999749275,
2149.701187724, 0.999563569,
2149.742051775, 0.999733913,
2149.762483800, 0.999662963,
2149.782915925, 0.999637189,
2149.803347849, 0.999660769,
2149.823779873, 0.999651525,
2149.844211996, 0.999678578,
2149.864644019, 0.999632341,
2149.885075941, 0.999515603,
2149.905508063, 0.997167671,
2149.946372005, 0.987809664,
2149.966804125, 0.987113669,
2149.987236145, 0.987102619,
2150.007668064, 0.987730713,
2150.028100183, 0.989750670,
2150.048532202, 0.997487324,
2150.068964320, 0.999575419,
2150.089396237, 0.999734522,
2150.109828255, 0.999655836,
2150.130260371, 0.999627644,
2150.150692287, 0.999880884,
2150.171124302, 0.999780924,
2150.191556418, 0.999559950,
2150.211988333, 0.999679063,
2150.252852461, 0.999839025,
2150.273284474, 0.999760886,
2150.293716387, 0.999889260,
2150.314148499, 0.999699651,
2150.334580511, 0.999634024,
2150.355012423, 0.999650984,
2150.375444533, 0.999689040,
2150.395876444, 0.999697444,
2150.416308454, 0.999633919,
2150.436740563, 0.999636904,
2150.457172472, 0.999678978,
2150.477604481, 0.999593558,
2150.498036589, 0.999624343,
2150.518468497, 0.999771672,
2150.538900504, 0.999672693,
2150.579764517, 0.999750557,
2150.620628629, 0.999501107,
2150.641060533, 0.999808476,
2150.681924642, 0.999589331,
2150.702356645, 0.999611735,
2150.722788648, 0.999529792,
2150.743220651, 0.999543454,
2150.763652653, 0.999714775,
2150.784084755, 0.999619848,
2150.804516655, 0.999651345,
2150.824948656, 0.999749585,
2150.845380756, 0.999662166,
2150.865812656, 0.999793983,
2150.886244656, 0.999622620,
2150.906676754, 0.999673976,
2150.927108653, 0.999625344,
2150.947540651, 0.999673414,
2150.967972748, 0.999702275,
2150.988404646, 0.999673794,
2151.008836642, 0.999796472,
2151.029268638, 0.999808995,
2151.049700633, 0.999715851,
2151.070132629, 0.999668399,
2151.090564724, 0.999676470,
2151.110996618, 0.999796976,
2151.131428611, 0.999691185,
2151.151860705, 0.999654105,
2151.172292597, 0.999734343,
2151.192724590, 0.999746640,
2151.213156682, 0.999603991,
2151.233588574, 0.999620621,
2151.254020664, 0.999718841,
2151.274452655, 0.999665497,
2151.294884545, 0.999680640,
2151.315316635, 0.999849344,
2151.335748624, 0.999814977,
2151.356180513, 0.999829460,
2151.376612601, 0.999751557,
2151.397044589, 0.999915658,
2151.417476476, 0.999876398,
2151.437908563, 0.999666337,
2151.458340550, 0.999714553,
2151.478772435, 0.999598990,
2151.499204521, 0.999418196,
2151.519636506, 0.999429416,
2151.540068490, 0.999573769,
2151.560500475, 0.999709240,
2151.580932458, 0.999655282,
2151.601364442, 0.999713824,
2151.621796524, 0.999578216,
2151.642228407, 0.999689777,
2151.662660388, 0.999573693,
2151.683092470, 0.999771244,
2151.703524351, 0.999867195,
2151.723956332, 0.999782222,
2151.744388412, 0.999683239,
2151.785252270, 0.999711142,
2151.805684349, 0.999665458,
2151.826116227, 0.999789095,
2151.846548205, 0.999728319,
2151.866980182, 0.999726759,
2151.907844235, 0.999747428,
2151.928276111, 0.999709019,
2151.948708087, 0.999763841,
2151.969140162, 0.999821367,
2151.989572137, 0.999832916,
2152.010004011, 0.999819273,
2152.030436084, 0.999675502,
2152.050868057, 0.999677864,
2152.071299930, 0.999777167,
2152.091732002, 0.999596079,
2152.112163975, 0.999712696,
2152.132595846, 0.999634192,
2152.153027917, 0.999805334,
2152.173459887, 0.999753358,
2152.193891758, 0.999689131,
2152.214323827, 0.999866181,
2152.234755796, 0.999651980,
2152.255187665, 0.999727189,
2152.275619733, 0.999482917,
2152.296051701, 0.999498107,
2152.316483568, 0.999600537,
2152.336915635, 0.999744933,
2152.357347602, 0.999840087,
2152.377779568, 0.999935716,
2152.398211533, 0.999898568,
2152.418643498, 0.999855762,
2152.439075463, 0.999745733,
2152.459507528, 0.999915410,
2152.479939391, 0.999858268,
2152.500371455, 0.999818380,
2152.520803417, 0.999844678,
2152.541235280, 0.999801322,
2152.561667342, 0.999789848,
2152.582099303, 0.999873520,
2152.602531164, 0.999709886,
2152.622963225, 0.999699776,
2152.643395085, 0.999701694,
2152.663827045, 0.999951487,
2152.684259104, 0.999815490,
2152.704690963, 0.999694462,
2152.725122921, 0.999652267,
2152.745554979, 0.999867094,
2152.765986837, 0.999838598,
2152.786418794, 0.999753592,
2152.806850851, 0.999727882,
2152.827282807, 0.999794806,
2152.847714663, 0.999823220,
2152.868146718, 0.999738181,
2152.888578673, 0.999746664,
2152.909010527, 0.999691894,
2152.929442581, 0.999747897,
2152.949874535, 0.999677881,
2152.970306388, 0.999717996,
2152.990738440, 0.999819130,
2153.011170392, 0.999897007,
2153.031602244, 0.999846739,
2153.052034295, 0.999624316,
2153.072466246, 0.999682431,
2153.092898296, 0.999817076,
2153.113330147, 0.999671139,
2153.133762096, 0.999849266,
2153.154194145, 0.999741506,
2153.174625994, 0.999683886,
2153.195057942, 0.999611083,
2153.215489990, 0.999834332,
2153.235921837, 0.999785180,
2153.256353784, 0.999908504,
2153.317649622, 0.999718843,
2153.338081567, 0.999808162,
2153.378945456, 0.999691004,
2153.399377499, 0.999704403,
2153.419809343, 0.999730441,
2153.440241286, 0.999829284,
2153.460673328, 0.999894068,
2153.481105170, 0.999709365,
2153.501537112, 0.999697375,
2153.521969153, 0.999767823,
2153.542400994, 0.999762106,
2153.562832934, 0.999662225,
2153.583264974, 0.999910415,
2153.603696813, 0.999740045,
2153.624128752, 0.999678835,
2153.644560791, 0.999800478,
2153.664992729, 0.999696298,
2153.705856603, 0.999868499,
2153.726288540, 0.999764104,
2153.746720477, 0.999830995,
2153.767152412, 0.999821910,
2153.787584348, 0.999747792,
2153.808016383, 0.999714490,
2153.828448217, 0.999507578,
2153.889744018, 0.999454964,
2153.910175951, 0.999689667,
2153.930607984, 0.999893739,
2153.951039816, 0.999720100,
2153.971471747, 0.999855678,
2153.991903778, 0.999619335,
2154.012335609, 0.999655399,
2154.032767539, 0.999720122,
2154.053199469, 0.999767948,
2154.073631398, 0.993443224,
2154.094063327, 0.988659071,
2154.114495256, 0.987343786,
2154.134927184, 0.987197529,
2154.155359112, 0.987437341,
2154.175791038, 0.988456822,
2154.196222965, 0.992675864,
2154.216654892, 0.999716997,
2154.237086918, 0.999795506,
2154.257518743, 0.999778045,
2154.277950768, 0.999696629,
2154.298382693, 0.999884618,
2154.318814517, 0.999933341,
2154.339246540, 0.999688555,
2154.359678464, 0.999827542,
2154.380110287, 0.999886681,
2154.400542309, 0.999844375,
2154.420974231, 0.999874821,
2154.441406053, 0.999754139,
2154.461838074, 0.999781521,
2154.482269995, 1.000014657,
2154.502701915, 0.999817685,
2154.523133835, 0.999814136,
2154.543565754, 0.999827217,
2154.563997673, 0.999890091,
2154.584429592, 0.999810577,
2154.604861510, 0.999904996,
2154.625293428, 0.999755707,
2154.645725445, 0.999647707,
2154.666157262, 0.999619824,
2154.686589178, 0.999821645,
2154.707021194, 0.999801289,
2154.727453010, 0.999823058,
2154.747884925, 0.999938830,
2154.768316840, 0.999891085,
2154.788748754, 0.999817479,
2154.809180768, 0.999911428,
2154.829612581, 0.999717102,
2154.850044495, 1.000039489,
2154.870476507, 0.999754094,
2154.890908319, 0.999618423,
2154.911340231, 0.999863678,
2154.931772242, 0.999833850,
2154.952204053, 0.999862196,
2154.972635964, 0.999857803,
2154.993067974, 0.999808188,
2155.013499783, 0.999970627,
2155.033931693, 0.999797673,
2155.054363701, 0.999817922,
2155.074795609, 0.999884955,
2155.095227417, 0.999737630,
2155.115659425, 0.999957497,
2155.136091332, 1.000038537,
2155.156523138, 0.999992968,
2155.176955145, 1.000012108,
2155.197387051, 1.000031093,
2155.217818856, 0.999925457,
2155.238250861, 0.999188836,
2155.258682766, 0.999053664,
2155.279114570, 0.998987708,
2155.299546573, 0.998922913,
2155.319978476, 0.998825001,
2155.340410379, 0.998888737,
2155.360842282, 0.999152176,
2155.381274184, 0.999270714,
2155.401706185, 0.999950179,
2155.422137986, 0.999771552,
2155.442569887, 0.999866929,
2155.463001888, 0.999658195,
2155.483433687, 0.999858200,
2155.503865587, 0.999833380,
2155.524297486, 1.000079857,
2155.544729384, 0.999874987,
2155.565161283, 0.999936007,
2155.585593280, 0.999753852,
2155.606025078, 0.999744806,
2155.626456975, 0.999749262,
2155.646888972, 0.999636560,
2155.667320768, 0.999638324,
2155.687752663, 0.999710531,
2155.708184659, 0.999630802,
2155.728616453, 0.999822002,
2155.749048348, 0.999689090,
2155.769480342, 0.999669325,
2155.789912135, 0.999687605,
2155.851207814, 0.999723281,
2155.871639706, 0.999719337,
2155.892071697, 0.999802088,
2155.912503588, 0.999821047,
2155.932935379, 0.999829168,
2155.953367369, 0.999813873,
2155.973799259, 0.999794480,
2155.994231149, 0.999540283,
2156.014663037, 0.999743671,
2156.035094926, 0.999895712,
2156.055526914, 0.999771433,
2156.075958702, 0.999719566,
2156.096390589, 0.999847937,
2156.116822577, 0.999624183,
2156.137254363, 0.999647533,
2156.157686249, 0.999782127,
2156.178118235, 0.999851840,
2156.198550020, 0.999779498,
2156.218981905, 0.999550910,
2156.239413890, 0.999584202,
2156.259845674, 0.999633236,
2156.280277557, 0.999712296,
2156.300709440, 0.999967760,
2156.321141324, 0.999880229,
2156.402868850, 0.999930042,
2156.423300831, 0.999910242,
2156.443732612, 0.999963810,
2156.464164492, 0.999690865,
2156.484596471, 0.999799796,
2156.505028250, 0.999867196,
2156.525460129, 0.999788301,
2156.545892108, 0.999650143,
2156.566323885, 0.999814825,
2156.586755863, 0.999930622,
2156.607187740, 0.999875453,
2156.627619517, 0.999849607,
2156.648051493, 0.999916153,
2156.668483368, 0.999986659,
2156.688915144, 0.999713943,
2156.709347119, 0.999934247,
2156.729778994, 0.999704916,
2156.750210868, 0.999801412,
2156.770642742, 0.999886171,
2156.791074615, 0.999868249,
2156.811506488, 0.999904483,
2156.831938361, 0.999996059,
2156.852370233, 0.999872037,
2156.872802105, 0.999724271,
2156.893234076, 0.999774799,
2156.913665847, 0.999789850,
2156.934097718, 0.999860575,
2156.954529688, 0.999952705,
2156.974961458, 0.999855734,
2156.995393327, 0.999624535,
2157.015825196, 0.999620495,
2157.036257064, 0.999599990,
2157.077120800, 0.999813377,
2157.097552667, 0.999761716,
2157.117984534, 1.000012517,
2157.138416401, 0.999886383,
2157.158848267, 0.999830211,
2157.179280233, 0.999965145,
2157.199711998, 0.999796162,
2157.220143863, 0.999950594,
2157.240575827, 0.999765817,
2157.261007692, 0.999916160,
2157.301871418, 0.999891882,
2157.322303281, 0.999779640,
2157.342735044, 0.999848289,
2157.383598867, 0.999788836,
2157.404030628, 0.999697413,
2157.424462590, 0.999835195,
2157.444894450, 0.999783020,
2157.465326210, 0.999876547,
2157.485758170, 0.999895236,
2157.506190029, 0.999862573,
2157.526621788, 0.999712306,
2157.547053746, 0.999755058,
2157.567485604, 0.999730831,
2157.587917462, 0.999787448,
2157.608349319, 0.999774844,
2157.628781176, 0.999855113,
2157.649213033, 0.999856088,
2157.669644889, 0.999909754,
2157.690076745, 0.999712829,
2157.710508600, 0.999795169,
2157.730940454, 0.999836854,
2157.751372309, 0.999755911,
2157.812667870, 0.999542284,
2157.833099823, 0.999541168,
2157.853531575, 0.999693348,
2157.873963428, 0.999935921,
2157.894395379, 0.999877987,
2157.914827130, 0.999799352,
2157.935258981, 0.999773665,
2157.976122682, 0.999868321,
2157.996554532, 0.999808841,
2158.016986481, 0.999724134,
2158.037418230, 1.000035359,
2158.057850078, 0.999840063,
2158.078282027, 0.999839806,
2158.098713874, 0.999817294,
2158.119145622, 0.999835224,
2158.139577569, 0.999879799,
2158.160009415, 0.999809279,
2158.180441162, 0.999889062,
2158.200873107, 0.999797487,
2158.221304953, 0.998555920,
2158.241736698, 0.990319172,
2158.262168642, 0.987994608,
2158.282600486, 0.987251422,
2158.323464174, 0.987714182,
2158.343896017, 0.989474332,
2158.364327959, 0.996565871,
2158.384759701, 0.999828406,
2158.405191543, 0.999918404,
2158.425623485, 0.999891795,
2158.446055226, 0.999787622,
2158.466487066, 0.999818853,
2158.486919007, 0.999938840,
2158.507350747, 0.999862239,
2158.527782586, 1.000095401,
2158.548214425, 0.999915827,
2158.568646264, 0.999792090,
2158.650373615, 1.000034328,
2158.670805552, 0.999844825,
2158.691237288, 0.999796422,
2158.711669124, 0.999824632,
2158.732101060, 0.999817996,
2158.772964630, 0.999930893,
2158.793396564, 0.999782546,
2158.813828298, 0.999805854,
2158.854692065, 0.999714922,
2158.875123798, 0.999797052,
2158.895555731, 0.999841748,
2158.915987563, 0.999900111,
2158.936419395, 0.999913237,
2158.956851226, 0.999930389,
2158.977283057, 0.999714721,
2158.997714888, 0.999772295,
2159.018146718, 0.999817225,
2159.038578548, 0.999776337,
2159.059010377, 0.999790056,
2159.079442306, 0.999781480,
2159.099874035, 0.999815834,
2159.120305863, 0.999757854,
2159.140737791, 0.999756998,
2159.161169518, 0.999688525,
2159.181601345, 0.999751899,
2159.202033272, 0.999776539,
2159.222464999, 0.999782005,
2159.242896825, 0.999842684,
2159.263328650, 0.999891943,
2159.283760476, 0.999939409,
2159.304192300, 0.999823420,
2159.345055949, 0.999887528,
2159.365487773, 0.999716523,
2159.385919596, 0.999687927,
2159.406351419, 0.999633558,
2159.426783241, 0.999733837,
2159.447215163, 0.999790878,
2159.467646885, 0.999776960,
2159.508510628, 0.999781534,
2159.528942348, 0.999898606,
2159.549374269, 0.999743853,
2159.569806089, 0.999744296,
2159.590237808, 0.999837977,
2159.610669727, 0.999864816,
2159.631101546, 0.999901920,
2159.651533264, 0.999833875,
2159.671965182, 0.999815529,
2159.692397000, 0.999810237,
2159.712828717, 0.999841549,
2159.753692450, 0.999860313,
2159.774124267, 0.999858042,
2159.794556082, 0.999807938,
2159.814987897, 0.999906105,
2159.835419713, 0.999803981,
2159.855851527, 0.999876383,
2159.876283341, 0.999774207,
2159.896715155, 0.999843162,
2159.917147069, 0.999756766,
2159.937578782, 0.999995860,
2159.958010594, 0.999920106,
2159.978442407, 0.999911875,
2159.998874219, 0.999710362,
2160.019305930, 0.999808406,
2160.039737841, 0.999835640,
2160.060169652, 0.999821952,
2160.080601563, 0.999843333,
2160.101033273, 0.999760916,
2160.121465083, 0.999719262,
2160.141896992, 0.999827716,
2160.162328701, 0.999611412,
2160.182760510, 0.999548663,
2160.203192418, 0.999811982,
2160.223624126, 0.999689227,
2160.244055933, 0.999914293,
2160.264487840, 0.999827920,
2160.284919647, 0.999843858,
2160.305351353, 0.999774627,
2160.325783259, 0.999825869,
2160.346215065, 0.999828818,
2160.366646770, 0.999936358,
2160.387078675, 0.999854175,
2160.407510479, 0.999950780,
2160.427942184, 0.999797722,
2160.448374087, 0.999996234,
2160.468805891, 0.999874608,
2160.489237594, 0.999921300,
2160.509669496, 0.999914477,
2160.530101299, 0.999871023,
2160.550533001, 0.999896355,
2160.570964902, 0.999892022,
2160.591396703, 0.999776611,
2160.611828504, 0.999843494,
2160.652692105, 0.999950812,
2160.734419401, 0.999754955,
2160.754851100, 0.999882190,
2160.775282897, 0.999867012,
2160.795714695, 0.999853639,
2160.816146492, 1.000000816,
2160.836578289, 0.999923385,
2160.857010185, 0.999803949,
2160.877441881, 0.999853007,
2160.897873677, 0.999927278,
2160.918305572, 0.999742144,
2160.938737267, 0.999834103,
2160.959169062, 0.999583437,
2160.979600956, 0.999435171,
2161.000032650, 0.999601050,
2161.020464443, 0.999933331,
2161.040896336, 0.999943457,
2161.061328029, 0.999937814,
2161.081759822, 0.999758860,
2161.102191714, 0.999804238,
2161.122623505, 0.999981742,
2161.143055197, 0.999844877,
2161.163487087, 0.999928082,
2161.204350568, 0.999866597,
2161.224782458, 0.999729847,
2161.245214248, 0.999839496,
2161.265645937, 0.999777743,
2161.286077825, 0.999838431,
2161.306509614, 0.999852332,
2161.326941502, 0.999705044,
2161.347373190, 0.999835878,
2161.367804977, 0.999874550,
2161.388236864, 0.999852893,
2161.408668551, 0.999882469,
2161.469963908, 0.999880940,
2161.490395693, 0.999817696,
2161.531259263, 0.999867089,
2161.572122830, 0.999845177,
2161.592554614, 0.999945562,
2161.612986397, 0.999797679,
2161.633418180, 0.999796354,
2161.653849962, 0.999897381,
2161.674281744, 0.999801910,
2161.735577087, 0.999814953,
2161.756008968, 0.999572619,
2161.776440648, 0.999684195,
2161.796872428, 0.999796954,
2161.817304307, 0.999825823,
2161.837735986, 0.999789372,
2161.858167865, 0.999850436,
2161.878599644, 0.999863549,
2161.899031321, 0.999893739,
2161.919463199, 0.999852307,
2161.939894976, 0.999913406,
2161.960326753, 0.999909247,
2161.980758530, 0.999947333,
2162.001190306, 0.999841528,
2162.021622082, 0.999846455,
2162.042053858, 0.999913897,
2162.062485633, 0.999999168,
2162.082917408, 0.999963208,
2162.103349182, 0.999932028,
2162.123780956, 0.999876943,
2162.144212730, 0.999998740,
2162.164644604, 0.999919834,
2162.205508049, 0.999920471,
2162.225939822, 0.999997794,
2162.246371594, 1.000114090,
2162.266803266, 0.999930032,
2162.287235137, 0.999963522,
2162.307666908, 0.999867089,
2162.328098578, 0.999997039,
2162.348530449, 0.999869133,
2162.368962219, 0.999996784,
2162.389393988, 0.995080689,
2162.409825757, 0.989085405,
2162.430257526, 0.987537286,
2162.450689395, 0.987187269,
2162.471121063, 0.987440280,
2162.491552831, 0.988429047,
2162.511984698, 0.991464052,
2162.532416465, 0.999244904,
2162.552848132, 0.999814919,
2162.573279999, 0.999744793,
2162.593711765, 0.999791567,
2162.614143430, 0.999982434,
2162.634575296, 0.999847521,
2162.695870590, 0.999926306,
2162.716302354, 0.999898829,
2162.736734017, 0.999926242,
2162.757165881, 0.999953898,
2162.777597644, 1.000019720,
2162.798029406, 0.999900947,
2162.818461169, 0.999963923,
2162.838892931, 0.999836838,
2162.859324692, 0.999947932,
2162.879756453, 0.999839344,
2162.900188214, 0.999954181,
2162.920619975, 0.999958423,
2162.941051735, 0.999903252,
2162.961483495, 0.999762482,
2162.981915254, 0.999986973,
2163.002347014, 0.999835048,
2163.022778772, 0.999767304,
2163.043210631, 0.999918130,
2163.063642289, 0.999892851,
2163.084074047, 0.999951153,
2163.104505904, 1.000027403,
2163.124937562, 1.000105672,
2163.145369318, 1.000057381,
2163.186232831, 0.999950719,
2163.227096442, 0.999968932,
2163.247528097, 0.999953352,
2163.288391706, 0.999934045,
2163.308823360, 0.999699355,
2163.329255114, 0.999684212,
2163.349686967, 0.999782079,
2163.370118720, 0.999679450,
2163.390550373, 1.000072377,
2163.410982226, 1.000038804,
2163.431413978, 1.000133458,
2163.451845629, 0.999851602,
2163.472277480, 0.999924318,
2163.492709232, 1.000009461,
2163.533572733, 0.999953753,
2163.554004482, 0.999938266,
2163.574436332, 1.000025449,
2163.697026723, 1.000053931,
2163.717458470, 1.000015878,
2163.737890217, 1.000048979,
2163.758321964, 0.999953110,
2163.778753710, 0.999907834,
2163.799185456, 0.999854802,
2163.819617202, 1.000029908,
2163.860480692, 0.999859286,
2163.921775925, 0.999942913,
2163.942207769, 0.999969215,
2163.962639412, 0.999933353,
2163.983071155, 0.999967890,
2164.003502998, 1.000059596,
2164.023934640, 1.000109447,
2164.044366382, 1.000068887,
2164.064798224, 0.999971837,
2164.085229865, 1.000072437,
2164.105661606, 0.999969306,
2164.126093446, 0.999739886,
2164.146525087, 0.999876694,
2164.166956927, 0.999833003,
2164.187388666, 1.000164571,
2164.207820406, 1.000128421,
2164.228252145, 0.999966693,
2164.248683883, 0.999891046,
2164.269115622, 0.999265536,
2164.289547460, 0.998918534,
2164.330410835, 0.998929988,
2164.350842672, 0.998909296,
2164.371274308, 0.998890498,
2164.412137781, 0.999344661,
2164.432569517, 0.999953621,
2164.453001252, 1.000073254,
2164.473432987, 1.000028127,
2164.493864722, 1.000061534,
2164.514296356, 0.999963658,
2164.534728190, 0.999986945,
2164.555159924, 1.000112190,
2164.575591657, 1.000148668,
2164.596023390, 1.000081356,
2164.616455123, 1.000023438,
2164.636886856, 1.000045402,
2164.657318588, 0.999987614,
2164.677750320, 1.000120102,
2164.698182151, 0.999976110,
2164.718613882, 0.999904254,
2164.739045513, 0.999904349,
2164.759477344, 1.000038617,
2164.779909074, 1.000037149,
2164.800340704, 0.999957839,
2164.820772533, 1.000098849,
2164.841204262, 1.000023562,
2164.861635891, 1.000048223,
2164.902499448, 0.999897345,
2164.922931076, 0.999854190,
2164.943362904, 0.999839147,
2164.963794631, 0.999994415,
2164.984226258, 1.000040234,
2165.004658084, 1.000022148,
2165.025089811, 1.000025495,
2165.045521537, 1.000057892,
2165.065953262, 1.000004355,
2165.086384988, 1.000008250,
2165.106816713, 1.000010101,
2165.127248438, 1.000081779,
2165.147680162, 0.999967265,
2165.168111886, 1.000167294,
2165.188543710, 1.000218981,
2165.208975333, 1.000098550,
2165.229407156, 1.000097467,
2165.249838779, 0.999921783,
2165.270270502, 0.999967627,
2165.290702324, 1.000092778,
2165.311133946, 0.999911600,
2165.331565667, 1.000094688,
2165.351997488, 1.000013237,
2165.392860830, 1.000045428,
2165.413292650, 1.000091424,
2165.433724270, 1.000185301,
2165.454155990, 1.000159854,
2165.474587809, 1.000157234,
2165.495019428, 1.000083436,
2165.515451147, 1.000023833,
2165.535882965, 1.000153121,
2165.556314683, 1.000000749,
2165.576746301, 1.000118492,
2165.597178118, 1.000023620,
2165.638041452, 1.000062803,
2165.658473269, 1.000121044,
2165.678904985, 1.000023728,
2165.699336600, 0.999907291,
2165.719768416, 0.999959424,
2165.740200131, 1.000064659,
2165.760631946, 1.000184949,
2165.781063561, 1.000300911,
2165.801495275, 1.000121152,
2165.821927089, 1.000069247,
2165.842358703, 1.000126486,
2165.862790416, 1.000148343,
2165.883222129, 1.000113863,
2165.903653842, 1.000089616,
2165.924085554, 1.000170036,
2165.944517266, 1.000092191,
2165.964948978, 1.000002598,
2165.985380690, 1.000107605,
2166.005812401, 1.000113921,
2166.026244112, 1.000035500,
2166.046675822, 1.000047488,
2166.067107633, 1.000180950,
2166.087539242, 1.000079206,
2166.107970952, 1.000108527,
2166.128402761, 1.000218666,
2166.148834370, 1.000075682,
2166.169266079, 1.000110682,
2166.189697887, 1.000202843,
2166.210129496, 1.000177604,
2166.230561203, 1.000054931,
2166.250993011, 1.000148619,
2166.271424618, 1.000062125,
2166.291856425, 1.000200763,
2166.312288132, 1.000100655,
2166.332719738, 1.000245151,
2166.373583249, 1.000103427,
2166.394014955, 1.000137984,
2166.434878364, 1.000146785,
2166.475741773, 1.000118880,
2166.496173477, 1.000011338,
2166.516605180, 0.999839447,
2166.537036983, 0.999358020,
2166.557468586, 0.991340459,
2166.577900289, 0.988510767,
2166.598332091, 0.987582351,
2166.618763693, 0.987270893,
2166.639195395, 0.988021633,
2166.659627096, 0.989363292,
2166.680058797, 0.995738544,
2166.700490498, 1.000258360,
2166.720922199, 1.000255222,
2166.741353899, 1.000300789,
2166.761785599, 1.000120513,
2166.782217298, 1.000191241,
2166.802648997, 1.000282984,
2166.823080796, 1.000067843,
2166.863944093, 1.000281678,
2166.884375891, 1.000316752,
2166.925239187, 1.000950149,
2166.945670984, 1.000126982,
2166.966102681, 1.000299573,
2166.986534277, 1.000217953,
2167.006966074, 1.000204115,
2167.027397770, 0.999947313,
2167.047829365, 1.000251766,
2167.109124450, 1.000175914,
2167.129556245, 0.999955990,
2167.149987939, 1.000077367,
2167.170419533, 1.000123586,
2167.190851327, 1.000329081,
2167.211283020, 1.000016223,
2167.231714713, 1.000186684,
2167.252146406, 1.000166291,
2167.272578098, 0.999957119,
2167.293009790, 1.000068629,
2167.313441482, 0.999927536,
2167.354304965, 1.000239904,
2167.374736556, 1.000173485,
2167.395168246, 1.000194070,
2167.415600037, 1.000350190,
2167.456463317, 1.000240213,
2167.497326695, 1.000303810,
2167.538190173, 1.000242156,
2167.558621761, 1.000154567,
2167.599485237, 1.000162221,
2167.619916824, 1.000250544,
2167.640348511, 1.000248791,
2167.660780298, 1.000335612,
2167.681211885, 1.000334607,
2167.701643571, 1.000175068,
2167.722075357, 1.000078398,
2167.742507043, 1.000140618,
2167.762938628, 1.000369350,
2167.783370413, 1.000206633,
2167.803802098, 1.000280774,
2167.844665467, 1.000232145,
2167.865097150, 1.000240535,
2167.885528934, 1.000284367,
2167.905960518, 1.000427716,
2167.926392201, 1.000238663,
2167.946823983, 1.000215721,
2167.967255566, 1.000190937,
2167.987687248, 1.000146515,
2168.008119030, 1.000306099,
2168.028550612, 1.000414844,
2168.048982293, 1.000156935,
2168.089845655, 1.000106986,
2168.110277335, 0.999993264,
2168.130709016, 1.000300723,
2168.151140696, 1.000327191,
2168.171572375, 1.000312301,
2168.192004055, 1.000261098,
2168.212435734, 1.000290949,
2168.232867412, 1.000335262,
2168.253299191, 1.000164097,
2168.273730769, 1.000421784,
2168.294162447, 1.000290617,
2168.335026002, 1.000201156,
2168.355457679, 1.000287352,
2168.375889456, 1.000336992,
2168.396321132, 1.000271405,
2168.416752909, 1.000327586,
2168.437184485, 1.000366460,
2168.457616160, 1.000331979,
2168.478047936, 1.000180258,
2168.498479511, 1.000233604,
2168.518911186, 1.000301787,
2168.539342960, 1.000348070,
2168.580206208, 1.000299881,
2168.600637982, 1.000290845,
2168.621069656, 1.000285031,
2168.641501229, 1.000182519,
2168.661933002, 1.000280282,
2168.682364674, 1.000320363,
2168.702796247, 1.000320712,
2168.723228019, 1.000285220,
2168.743659690, 1.000301224,
2168.764091262, 1.000346059,
2168.784523033, 1.000376902,
2168.825386274, 1.000434701,
2168.845818045, 1.000236238,
2168.866249615, 1.000205623,
2168.886681285, 1.000004963,
2168.907113054, 1.000224034,
2168.927544624, 1.000243868,
2168.947976393, 1.000239235,
2168.968408061, 1.000303897,
2168.988839630, 1.000442724,
2169.009271398, 1.000518582,
2169.029703066, 1.000351946,
2169.070566401, 1.000463118,
2169.111429734, 1.000471943,
2169.131861401, 1.000391213,
2169.152293067, 1.000275485,
2169.172724733, 1.000275706,
2169.193156499, 1.000279004,
2169.213588064, 1.000306451,
2169.234019729, 1.000382098,
2169.254451494, 1.000338867,
2169.274883059, 1.000334715,
2169.315746487, 1.000327968,
2169.336178051, 1.000318654,
2169.356609714, 1.000326430,
2169.377041478, 1.000413222,
2169.397473041, 1.000312473,
2169.417904803, 1.000343938,
2169.438336466, 1.000359081,
2169.458768128, 1.000412780,
2169.479199790, 1.000208475,
2169.499631351, 1.000356410,
2169.520063113, 1.000364831,
2169.560926435, 1.000362929,
2169.581357995, 1.000429055,
2169.601789755, 1.000333557,
2169.622221415, 1.000343276,
2169.642652975, 1.000160048,
2169.663084735, 1.000108494,
2169.683516394, 1.000114614,
2169.703947953, 1.000266723,
2169.724379711, 1.000436106,
2169.744811370, 1.000415719,
2169.806106343, 1.000342374,
2169.826537901, 1.000633396,
2169.846969658, 1.000381435,
2169.867401314, 1.000329125,
2169.887833071, 1.000401422,
2169.908264627, 1.000327791,
2169.928696283, 1.000436336,
2169.949128039, 1.000430283,
2169.989991250, 1.000352349,
2170.010423005, 1.000444924,
2170.051286214, 1.000418702,
2170.071717968, 1.000396062,
2170.092149622, 1.000502968,
2170.112581175, 1.000309545,
2170.133012929, 1.000530098,
2170.153444582, 1.000365953,
2170.173876135, 1.000427260,
2170.194307887, 1.000413177,
2170.214739539, 1.000469113,
2170.235171092, 1.000344313,
2170.255602843, 1.000325574,
2170.296466046, 1.000401609,
2170.316897797, 1.000359575,
2170.337329348, 1.000333898,
2170.357760998, 1.000367336,
2170.378192749, 1.000459176,
2170.398624399, 1.000336046,
2170.419056049, 1.000302010,
2170.439487698, 1.000170783,
2170.459919347, 1.000205416,
2170.480350996, 1.000224883,
2170.500782645, 1.000392510,
2170.521214293, 1.000359533,
2170.541646041, 1.000444078,
2170.562077589, 1.000452359,
2170.582509237, 1.000440144,
2170.602940984, 1.000386137,
2170.623372531, 1.000472918,
2170.643804178, 1.000544968,
2170.664235925, 1.000249582,
2170.684667471, 1.000379747,
2170.725530863, 0.989724437,
2170.786825799, 0.987782526,
2170.807257344, 0.988628986,
2170.827688989, 0.991158513,
2170.848120733, 0.999298592,
2170.868552377, 1.000362907,
2170.888984021, 1.000320616,
2170.909415665, 1.000338256,
2170.929847308, 1.000258112,
2170.950278951, 1.000439346,
2171.032005521, 1.000466720,
2171.052437062, 1.000424456,
2171.072868804, 1.000453642,
2171.093300445, 1.000554369,
2171.113731986, 1.000357967,
2171.134163727, 1.000369909,
2171.154595368, 1.000359728,
2171.175026908, 1.000369014,
2171.195458648, 1.000328367,
2171.215890288, 1.000290200,
2171.277185206, 1.000328759,
2171.297616845, 1.000258633,
2171.318048483, 1.000375387,
2171.338480122, 1.000339297,
2171.358911859, 1.000565675,
2171.379343497, 1.000455786,
2171.399775035, 1.000354170,
2171.420206772, 1.000330082,
2171.440638409, 1.000368959,
2171.461069946, 1.000442387,
2171.481501683, 1.000526063,
2171.522364855, 1.000418096,
2171.542796591, 1.000492519,
2171.563228227, 1.000554883,
2171.583659762, 1.000527408,
2171.604091497, 1.000547740,
2171.624523132, 1.000583591,
2171.644954667, 1.000499620,
2171.665386401, 1.000390378,
2171.685818035, 1.000496228,
2171.706249569, 1.000494818,
2171.726681303, 1.000467624,
2171.747112936, 1.000391147,
2171.767544469, 1.000521783,
2171.787976202, 1.000315198,
2171.808407835, 1.000343811,
2171.828839467, 1.000349685,
2171.849271099, 1.000431857,
2171.869702731, 1.000411315,
2171.890134363, 1.000446388,
2171.910565995, 1.000446937,
2171.951429357, 1.000461104,
2171.971860887, 1.000404617,
2172.012724248, 1.000265659,
2172.033155778, 1.000114697,
2172.074019138, 1.000490862,
2172.094450667, 1.000368426,
2172.114882296, 1.000538430,
2172.135314025, 1.000529701,
2172.155745553, 1.000553124,
2172.176177182, 1.000380139,
2172.196608910, 1.000584299,
2172.257903793, 1.000320677,
2172.278335420, 1.000454270,
2172.298767047, 1.000529578,
2172.319198674, 1.000516820,
2172.339630300, 1.000463016,
2172.360061926, 1.000480300,
2172.380493552, 1.000435473,
2172.400925178, 1.000547788,
2172.421356804, 1.000408031,
2172.441788429, 1.000613175,
2172.462220054, 1.000422432,
2172.482651679, 1.000356762,
2172.503083303, 1.000516722,
2172.523514828, 1.000561449,
2172.543946552, 1.000603734,
2172.564378176, 1.000605505,
2172.584809799, 1.000442193,
2172.605241423, 1.000394875,
2172.625673046, 1.000516464,
2172.646104669, 1.000379191,
2172.666536291, 1.000451766,
2172.686967914, 1.000377122,
2172.748262780, 1.000450257,
2172.768694501, 1.000385227,
2172.789126123, 1.000204628,
2172.809557644, 1.000415579,
2172.829989365, 1.000225846,
2172.850420985, 1.000329090,
2172.870852506, 1.000420865,
2172.891284226, 1.000589637,
2172.911715846, 1.000555304,
2172.932147366, 1.000482188,
2172.952579085, 1.000453264,
2172.973010705, 1.000486659,
2172.993442224, 1.000532968,
2173.013873942, 1.000441903,
2173.034305561, 1.000435447,
2173.054737179, 1.000439907,
2173.075168797, 1.000434080,
2173.095600415, 1.000463132,
2173.116032033, 1.000369956,
2173.136463650, 1.000558670,
2173.156895268, 1.003385038,
2173.177326885, 1.006363102,
2173.238621834, 1.000538517,
2173.259053350, 1.000578554,
2173.279484966, 1.000195902,
2173.299916682, 0.999750350,
2173.320348197, 0.999457082,
2173.340779813, 0.999511474,
2173.361211527, 0.999454337,
2173.381643042, 0.999298482,
2173.402074657, 0.999429113,
2173.422506371, 0.999569233,
2173.442937885, 0.999936288,
2173.483801213, 1.000518586,
2173.504232726, 1.000289220,
2173.524664339, 1.000465908,
2173.545096052, 1.000473972,
2173.565527565, 1.000387493,
2173.585959277, 1.000380522,
2173.606390890, 1.000307078,
2173.626822502, 1.000293915,
2173.647254114, 1.000556656,
2173.728980559, 1.000384668,
2173.749412170, 1.000672494,
2173.769843880, 1.000515674,
2173.790275391, 1.000708164,
2173.810707001, 1.000710950,
2173.831138711, 1.000753747,
2173.851570220, 1.000434292,
2173.872001830, 1.000506656,
2173.892433439, 1.000471763,
2173.912865048, 1.000592337,
2173.933296557, 1.000505874,
2173.953728265, 1.000642664,
2173.974159874, 1.000891271,
2173.994591582, 1.000924138,
2174.015023090, 1.000887691,
2174.035454698, 1.000841949,
2174.055886405, 1.000733527,
2174.076318013, 1.000582337,
2174.096749519, 1.000707545,
2174.117181226, 1.000462421,
2174.137612833, 1.000657882,
2174.158044339, 1.000635121,
2174.219339158, 1.000649696,
2174.239770863, 1.000457086,
2174.260202468, 1.000611627,
2174.280633974, 1.000911217,
2174.301065679, 1.000563161,
2174.321497283, 1.000770182,
2174.341928788, 1.000587567,
2174.362360492, 1.000429261,
2174.382792096, 1.000512203,
2174.403223600, 1.000279998,
2174.464518610, 1.000686571,
2174.484950114, 1.000547558,
2174.505381717, 1.000577976,
2174.525813319, 1.000627503,
2174.546245022, 1.000547189,
2174.566676524, 1.000548959,
2174.587108126, 1.000646598,
2174.607539728, 1.000567458,
2174.627971329, 1.000695648,
2174.648403031, 1.000585802,
2174.668834532, 1.000458519,
2174.689266133, 1.000483500,
2174.709697833, 1.000539989,
2174.730129334, 1.000742209,
2174.750560934, 1.000686537,
2174.770992634, 1.000548909,
2174.791424134, 1.000499088,
2174.811855734, 1.000643980,
2174.832287434, 1.000756664,
2174.873150632, 0.996566598,
2174.893582231, 0.995851687,
2174.954877026, 0.988228687,
2174.975308625, 0.989437040,
2174.995740222, 0.994714186,
2175.016171820, 1.000583087,
2175.036603418, 1.000590833,
2175.057035115, 1.000566664,
2175.077466612, 1.000684972,
2175.097898209, 1.000597592,
2175.138761402, 1.000617193,
2175.200056190, 1.000345125,
2175.220487786, 1.000444673,
2175.240919481, 1.000889619,
2175.261350977, 1.000499436,
2175.281782671, 1.000552167,
2175.302214266, 1.000530330,
2175.322645761, 1.000632070,
2175.343077456, 1.000520131,
2175.363508950, 1.000556861,
2175.383940544, 1.000779764,
2175.404372238, 1.000664003,
2175.465667018, 1.000690487,
2175.486098611, 1.000686643,
2175.506530104, 1.000623200,
2175.526961797, 1.000620106,
2175.547393389, 1.000621749,
2175.567824882, 1.000752773,
2175.588256574, 1.000555115,
2175.608688166, 1.000648039,
2175.629119657, 1.000563210,
2175.649551349, 1.000546641,
2175.669982940, 1.000616467,
2175.690414631, 1.000685036,
2175.710846122, 1.000701896,
2175.731277713, 1.000644275,
2175.751709403, 1.000608343,
2175.772140894, 1.000600329,
2175.792572484, 1.000649340,
2175.813004174, 1.000531874,
2175.833435663, 1.000609310,
2175.853867253, 1.000717907,
2175.874298942, 1.000697410,
2175.915162020, 1.000616911,
2175.935593709, 1.000676975,
2175.956025298, 1.000493345,
2175.976456786, 1.000654311,
2175.996888475, 1.000433757,
2176.037751550, 1.000607286,
2176.058183238, 1.000555546,
2176.078614825, 1.000711945,
2176.099046413, 1.000556030,
2176.201204246, 1.000725706,
2176.221635932, 1.000661451,
2176.242067518, 1.000619741,
2176.262499004, 1.000646335,
2176.282930689, 1.000795195,
2176.303362275, 1.000797688,
2176.323793860, 1.000758272,
2176.344225445, 1.000495425,
2176.364657030, 1.000664292,
2176.425951783, 1.000759094,
2176.446383367, 1.000719482,
2176.466815051, 1.000674125,
2176.487246535, 1.000665961,
2176.507678219, 1.000570881,
2176.528109802, 1.000643445,
2176.548541285, 1.000605024,
2176.568972968, 1.000679992,
2176.589404551, 1.000633735,
2176.609836033, 1.000880788,
2176.671130780, 1.000612743,
2176.691562462, 1.000706424,
2176.711994044, 1.000788994,
2176.732425525, 1.000513325,
2176.752857206, 1.000483446,
2176.773288687, 1.000358746,
2176.793720269, 1.000344338,
2176.814151949, 1.000653423,
2176.834583530, 1.000558478,
2176.855015010, 1.000691912,
2176.875446691, 1.000663953,
2176.895878270, 1.000633254,
2176.916309850, 1.000700782,
2176.936741430, 1.000609476,
2176.957173010, 1.000702338,
2176.977604689, 1.000683958,
2176.998036168, 1.000754878,
2177.018467747, 1.000761362,
2177.059330904, 1.000664345,
2177.100194161, 1.000693908,
2177.120625639, 1.000690168,
2177.161488895, 1.000629319,
2177.181920372, 1.001032279,
2177.202351950, 1.000818400,
2177.222783627, 1.000689586,
2177.243215104, 1.000654969,
2177.263646681, 1.000625597,
2177.284078358, 1.000671287,
2177.304509934, 1.000653334,
2177.324941510, 1.000657983,
2177.345373087, 1.000769047,
2177.365804663, 1.000880371,
2177.406667814, 1.000819119,
2177.427099389, 1.000768243,
2177.447531065, 1.000674599,
2177.467962540, 1.000794188,
2177.488394115, 1.000703522,
2177.508825689, 1.000714180,
2177.529257264, 1.000537442,
2177.549688738, 1.000406000,
2177.570120413, 1.000557191,
2177.590551987, 1.000749178,
2177.651846708, 1.000736956,
2177.672278281, 1.000732672,
2177.692709855, 1.000743298,
2177.713141428, 1.000713942,
2177.733573101, 1.000622233,
2177.754004573, 1.000672068,
2177.774436146, 1.000836947,
2177.794867818, 1.000675145,
2177.815299390, 1.000987055,
2177.835730862, 1.000747178,
2177.897025578, 1.000504026,
2177.917457249, 1.000915002,
2177.937888820, 1.000674186,
2177.958320291, 1.000676609,
2177.978751962, 1.000820486,
2177.999183533, 1.000808396,
2178.019615003, 1.000638011,
2178.040046674, 1.000675181,
2178.060478244, 1.000770272,
2178.080909714, 1.000700515,
2178.101341384, 1.000810916,
2178.121772954, 1.000795714,
2178.142204523, 1.000662212,
2178.162636093, 1.000898295,
2178.183067662, 1.000665644,
2178.203499231, 1.000802031,
2178.223930800, 1.000808155,
2178.244362368, 1.000679960,
2178.264793937, 1.000679909,
2178.285225505, 1.000747519,
2178.305657074, 1.000689862,
2178.326088642, 1.000511605,
2178.346520210, 1.000512265,
2178.366951777, 1.000908857,
2178.387383445, 1.000686933,
2178.407814912, 1.000631487,
2178.428246480, 1.000765573,
2178.448678147, 1.000704792,
2178.469109614, 1.000719462,
2178.489541181, 1.000853180,
2178.509972847, 1.000864204,
2178.530404313, 1.001895856,
2178.550835980, 1.000870479,
2178.571267546, 1.000697140,
2178.591699012, 1.000867367,
2178.632562244, 1.000687156,
2178.652993809, 1.000792909,
2178.673425374, 1.000929774,
2178.693856940, 1.000819475,
2178.714288505, 1.000893985,
2178.755151634, 1.000751993,
2178.775583199, 1.000794898,
2178.796014863, 1.001009534,
2178.816446328, 1.000663540,
2178.836877892, 1.000717228,
2178.857309556, 1.000836702,
2178.877741020, 1.000745252,
2178.898172683, 1.000771179,
2178.918604147, 1.000887920,
2178.939035710, 1.000815055,
2178.959467373, 1.000833082,
2178.979898836, 1.000729108,
2179.000330399, 1.000834656,
2179.020762062, 0.998402136,
2179.122919773, 0.999834370,
2179.143351435, 0.997948009,
2179.163782897, 1.003047780,
2179.184214458, 1.001398088,
2179.204646119, 1.000342311,
2179.225077681, 1.000506061,
2179.245509142, 1.000824050,
2179.265940803, 1.000729179,
2179.286372363, 1.001765288,
2179.306804024, 1.000889534,
2179.327235484, 1.000866562,
2179.368098705, 1.000861193,
2179.388530165, 1.000942188,
2179.408961725, 1.000998518,
2179.429393384, 1.000846688,
2179.449824844, 1.000786269,
2179.490688063, 1.000792980,
2179.511119522, 1.000871601,
2179.531551081, 1.000718361,
2179.551982740, 1.000815547,
2179.572414198, 1.000887023,
2179.592845757, 1.000760357,
2179.613277415, 1.000894205,
2179.633708873, 1.000689332,
2179.654140531, 1.000828593,
2179.674572089, 1.000862029,
2179.695003547, 1.000866838,
2179.715435205, 1.000852110,
2179.735866763, 1.000890386,
2179.756298220, 1.000904889,
2179.776729877, 1.000837815,
2179.797161434, 1.000916491,
2179.817592891, 1.001031017,
2179.838024548, 1.000863508,
2179.858456105, 1.000842110,
2179.878887561, 1.000861803,
2179.899319217, 1.000699065,
2179.919750774, 1.000600342,
2179.940182230, 1.000658442,
2179.960613886, 1.000760495,
2179.981045441, 1.000743672,
2180.021908553, 1.000881869,
2180.103634773, 1.001018495,
2180.124066428, 1.000925403,
2180.144497983, 1.000854281,
2180.164929437, 1.000935280,
2180.185361092, 1.000948947,
2180.205792646, 1.000907274,
2180.226224100, 1.000898590,
2180.246655754, 1.000958975,
2180.287518762, 1.000982231,
2180.348813422, 1.002590266,
2180.369245075, 1.000317247,
2180.389676528, 1.000898224,
2180.410108181, 1.000896425,
2180.430539734, 1.000962833,
2180.450971187, 1.001057462,
2180.471402839, 1.000883857,
2180.491834392, 1.000969806,
2180.512265944, 1.000817904,
2180.532697496, 1.000897821,
2180.553129048, 1.000935378,
2180.573560600, 1.000858215,
2180.593992151, 1.000886795,
2180.614423703, 1.000848169,
2180.634855254, 1.000870737,
2180.655286906, 1.000751138,
2180.675718357, 1.000879135,
2180.696149908, 1.000657981,
2180.716581559, 1.000683078,
2180.737013010, 1.000779310,
2180.757444660, 1.000870715,
2180.777876211, 1.000991410,
2180.798307661, 1.001049494,
2180.818739312, 1.000726547,
2180.839170862, 1.000936852,
2180.859602312, 1.000965602,
2180.880033962, 1.000880947,
2180.900465511, 1.000831589,
2180.920896961, 1.000945515,
2180.941328610, 1.000948380,
2180.961760160, 1.000939775,
2180.982191709, 1.000781930,
2181.002623258, 1.000998148,
2181.023054807, 1.000843575,
2181.043486356, 1.001010562,
2181.063917904, 1.000982162,
2181.084349453, 1.000975415,
2181.104781002, 1.000838721,
2181.125212550, 1.000968636,
2181.145644098, 1.000944608,
2181.166075646, 1.000862505,
2181.186507194, 1.001069565,
2181.206938742, 1.001043926,
2181.227370390, 1.001009180,
2181.247801837, 1.000786942,
2181.268233385, 1.000974680,
2181.288665032, 1.000948066,
2181.329528026, 1.000980841,
2181.349959673, 1.000877128,
2181.370391120, 1.000994654,
2181.390822667, 1.000930456,
2181.411254313, 1.000998273,
2181.431685760, 1.001057040,
2181.452117306, 1.001016565,
2181.472548952, 1.000866707,
2181.492980498, 1.000769648,
2181.513412044, 1.000866514,
2181.533843590, 1.000899576,
2181.554275136, 1.001176955,
2181.574706682, 1.001191891,
2181.595138227, 1.000982393,
2181.615569772, 1.001072050,
2181.636001318, 1.001165949,
2181.656432863, 1.001113118,
2181.676864408, 1.001022915,
2181.717727498, 1.001164844,
2181.738159042, 1.000970772,
2181.758590587, 1.001034134,
2181.840316764, 1.000953607,
2181.860748408, 1.000987095,
2181.881179851, 1.001220709,
2181.901611395, 1.001056805,
2181.922043039, 1.001290475,
2181.942474482, 1.001122386,
2181.962906026, 1.001067937,
2181.983337669, 1.001031964,
2182.003769112, 1.001011395,
2182.024200655, 1.001105631,
2182.044632298, 1.001133192,
2182.065063841, 1.001126942,
2182.085495283, 1.001080131,
2182.105926926, 1.001088234,
2182.126358468, 1.000998199,
2182.146789911, 1.001086205,
2182.167221553, 1.001213021,
2182.187653095, 1.001013241,
2182.208084737, 1.001015171,
2182.228516179, 1.001205720,
2182.248947721, 1.001077674,
2182.269379363, 1.000916888,
2182.289810804, 1.001038484,
2182.310242346, 1.000589683,
2182.330673987, 1.000175708,
2182.351105428, 1.000110898,
2182.371536969, 1.000093542,
2182.391968610, 1.000169041,
2182.412400051, 1.000104756,
2182.432831592, 1.000161736,
2182.453263133, 1.000222970,
2182.473694673, 1.000499320,
2182.494126214, 1.001105288,
2182.534989294, 1.001052382,
2182.555420934, 1.001018868,
2182.575852474, 1.001188968,
2182.596283914, 1.001184322,
2182.616715554, 1.001097567,
2182.637147094, 1.001295517,
2182.657578533, 1.001148511,
2182.678010173, 1.001080824,
2182.698441712, 1.001020976,
2182.718873151, 1.001088591,
2182.739304791, 1.001251253,
2182.800599408, 1.001105803,
2182.821030946, 1.001000160,
2182.861894024, 1.001173821,
2182.882325562, 1.001394175,
2182.902757200, 1.001127936,
2182.923188639, 1.001264514,
2182.943620177, 1.000996797,
2182.964051815, 1.001062057,
2182.984483253, 1.001132545,
2183.004914791, 1.001070961,
2183.025346428, 1.001216300,
2183.045777966, 1.001069352,
2183.066209403, 1.001069788,
2183.086641041, 1.000947023,
2183.107072578, 1.000941391,
2183.127504015, 1.001137578,
2183.147935652, 1.001098332,
2183.168367089, 1.001132265,
2183.188798626, 0.994762989,
2183.209230263, 0.989966016,
2183.229661700, 0.988779762,
2183.250093337, 0.988333142,
2183.290956309, 0.989808763,
2183.311387946, 0.994059017,
2183.331819482, 1.001210048,
2183.352250918, 1.001220560,
2183.372682554, 1.001124186,
2183.393114090, 1.001181015,
2183.413545626, 1.001164602,
2183.433977162, 1.001230115,
2183.454408697, 1.001365360,
2183.474840233, 1.001188787,
2183.536134839, 1.001497387,
2183.556566474, 1.001249646,
2183.576997909, 1.001271022,
2183.597429544, 1.001325287,
2183.617861079, 1.001239270,
2183.638292514, 1.001330838,
2183.658724149, 1.001382996,
2183.679155683, 1.001132132,
2183.699587118, 1.001241233,
2183.720018752, 1.001192997,
2183.740450286, 1.001350565,
2183.781313355, 1.001190937,
2183.801744889, 1.001175982,
2183.822176323, 1.001108715,
2183.842607957, 1.001128348,
2183.863039490, 1.001036241,
2183.883471024, 1.000936230,
2183.903902558, 1.001004978,
2183.924334091, 1.001181945,
2183.944765625, 1.001228961,
2183.965197158, 1.001493577,
2183.985628691, 1.001236962,
2184.006060224, 1.001325557,
2184.026491757, 1.001357443,
2184.046923290, 1.001398797,
2184.067354923, 1.001402028,
2184.087786356, 1.001426131,
2184.108217889, 1.001377192,
2184.128649521, 1.001379091,
2184.149080954, 1.001386690,
2184.169512486, 1.001490726,
2184.189944119, 1.001318924,
2184.210375551, 1.001418164,
2184.230807083, 1.001234094,
2184.271670147, 1.001246797,
2184.292101779, 1.001304339,
2184.312533311, 1.001231567,
2184.332964743, 1.001296267,
2184.353396374, 1.001204149,
2184.373827906, 1.001270218,
2184.394259438, 1.001378360,
2184.414690969, 1.001425303,
2184.435122500, 1.001683160,
2184.455554032, 1.001781241,
2184.475985563, 1.001411728,
2184.496417094, 1.001325610,
2184.516848625, 1.001210373,
2184.537280256, 1.001370593,
2184.557711687, 1.001169549,
2184.578143217, 1.001513784,
2184.598574848, 1.001460341,
2184.619006279, 1.001406935,
2184.639437909, 1.001235546,
2184.659869340, 1.001081156,
2184.680300870, 1.001068605,
2184.700732500, 1.001405596,
2184.721163931, 1.001500784,
2184.741595461, 1.001410885,
2184.762027091, 1.001445640,
2184.782458521, 1.001209841,
2184.802890050, 1.001330060,
2184.823321680, 1.001354359,
2184.843753110, 1.001300626,
2184.864184640, 1.001255232,
2184.884616269, 1.001387810,
2184.905047799, 1.001361872,
2184.945910857, 1.001481313,
2184.966342387, 1.001389305,
2185.007205445, 1.001304889,
2185.027636974, 1.001257532,
2185.068500032, 1.001242587,
2185.088931561, 1.001334455,
2185.129794618, 1.001313388,
2185.150226147, 1.001379243,
2185.170657775, 1.001436313,
2185.191089204, 1.001470677,
2185.252383789, 1.001375702,
2185.293246945, 1.001374374,
2185.313678373, 1.001506992,
2185.334110001, 1.001589780,
2185.354541429, 1.001450229,
2185.374973056, 1.001525433,
2185.395404584, 1.001295187,
2185.415836112, 1.001243256,
2185.497562122, 1.001393096,
2185.517993749, 1.001373884,
2185.538425276, 1.001230751,
2185.558856703, 1.001295979,
2185.579288330, 1.001439125,
2185.599719857, 1.001440209,
2185.620151484, 1.001386205,
2185.640582911, 1.001281773,
2185.661014438, 1.001404983,
2185.681446065, 1.001433234,
2185.701877491, 1.001349118,
2185.722309018, 1.001403365,
2185.742740645, 1.001379517,
2185.763172071, 1.001455726,
2185.783603598, 1.001467667,
2185.804035224, 1.001350797,
2185.824466650, 1.001424167,
2185.844898176, 1.001324424,
2185.865329803, 1.001358864,
2185.885761329, 1.001489908,
2185.906192755, 1.001262660,
2185.926624381, 1.001364680,
2185.947055907, 1.001393297,
2185.967487432, 1.001446228,
2185.987918958, 1.001578262,
2186.008350484, 1.001530006,
2186.028782009, 1.001431486,
2186.049213535, 1.001420939,
2186.069644961, 1.001398010,
2186.090076586, 1.001431375,
2186.110508112, 1.001430441,
2186.130939537, 1.001489330,
2186.151371162, 1.001394261,
2186.171802687, 1.001319913,
2186.192234112, 1.001635934,
2186.212665738, 1.001308995,
2186.233097263, 1.001352917,
2186.253528788, 1.001281322,
2186.273960313, 1.001218712,
2186.294391837, 1.001521054,
2186.314823462, 1.001509054,
2186.335254887, 1.001424333,
2186.355686412, 1.001569353,
2186.376118036, 1.001503926,
2186.396549461, 1.001560150,
2186.416980985, 1.001444765,
2186.437412610, 1.001414858,
2186.457844134, 1.001444721,
2186.478275559, 1.001553466,
2186.498707183, 1.001422884,
2186.519138707, 1.001464333,
2186.539570131, 1.001502998,
2186.560001755, 1.001553318,
2186.580433279, 1.001508140,
2186.600864903, 1.001606204,
2186.621296327, 1.001391690,
2186.641727851, 1.001369489,
2186.723453946, 1.001511212,
2186.743885470, 1.001515967,
2186.764316994, 1.001476640,
2186.784748517, 1.001535420,
2186.805180041, 1.001584771,
2186.825611564, 1.001599035,
2186.846043087, 1.001483635,
2186.866474611, 1.001544070,
2186.886906134, 1.001530487,
2186.907337657, 1.001458334,
2186.927769180, 1.001715005,
2186.948200804, 1.001762992,
2186.968632327, 1.001761907,
2186.989063750, 1.001571197,
2187.009495373, 1.001319672,
2187.029926895, 1.001335566,
2187.050358318, 1.001318869,
2187.070789941, 1.001578923,
2187.091221464, 1.001671316,
2187.111652887, 1.001661974,
2187.132084509, 1.001729443,
2187.152516032, 1.001601016,
2187.172947454, 1.001813766,
2187.213810599, 1.001484901,
2187.234242022, 1.001552074,
2187.254673644, 1.001623058,
2187.275105167, 1.001576638,
2187.295536789, 1.001452231,
2187.315968211, 1.001523319,
2187.336399733, 1.000103851,
2187.356831356, 0.991871219,
2187.377262778, 0.989739596,
2187.397694300, 0.988954120,
2187.418125922, 0.989006073,
2187.438557344, 0.989718355,
2187.458988866, 0.991341760,
2187.479420488, 0.998612489,
2187.499851910, 1.001735513,
2187.520283431, 1.001832015,
2187.540715053, 1.001768899,
2187.561146475, 1.001773235,
2187.581578097, 1.001799120,
2187.602009618, 1.001645169,
2187.622441040, 1.001602161,
2187.642872661, 1.001575473,
2187.663304183, 1.001591491,
2187.683735604, 1.001613858,
2187.704167226, 1.001422551,
2187.724598747, 1.001665059,
2187.745030169, 1.001696744,
2187.765461790, 1.001467232,
2187.785893311, 1.001495416,
2187.806324832, 1.001301066,
2187.826756353, 1.001249738,
2187.847187875, 1.001534860,
2187.867619496, 1.001530176,
2187.888050917, 1.001566220,
2187.908482438, 1.001616226,
2187.928914059, 1.001581990,
2187.949345580, 1.001517675,
2187.969777001, 1.001696835,
2187.990208622, 1.001560688,
2188.010640143, 1.001602059,
2188.031071563, 1.001874014,
2188.051503184, 1.001606252,
2188.071934705, 1.001645829,
2188.092366126, 1.001692898,
2188.112797746, 1.001667230,
2188.133229267, 1.001602814,
2188.153660688, 1.001640577,
2188.174092308, 1.001631550,
2188.194523729, 1.001727720,
2188.214955349, 1.001680832,
2188.235386870, 1.001767409,
2188.255818290, 1.001709197,
2188.276249911, 1.001856564,
2188.296681431, 1.001762463,
2188.317112951, 1.001736898,
2188.337544472, 1.001640367,
2188.357975992, 1.001661734,
2188.378407512, 1.001844131,
2188.398839033, 1.001559567,
2188.419270553, 1.001668497,
2188.439702073, 1.001746190,
2188.460133693, 1.001756286,
2188.480565113, 1.001717368,
2188.500996733, 1.001820285,
2188.521428253, 1.001700108,
2188.541859673, 1.001749381,
2188.562291293, 1.001652086,
2188.603154233, 1.001561082,
2188.623585853, 1.001482967,
2188.644017373, 1.001514918,
2188.664448793, 1.001883661,
2188.684880413, 1.001746178,
2188.705311932, 1.001656962,
2188.725743352, 1.001799762,
2188.746174972, 1.001789815,
2188.766606492, 1.001758230,
2188.787038111, 1.001728815,
2188.807469531, 1.001744625,
2188.827901050, 1.001814245,
2188.848332570, 1.001796648,
2188.868764090, 1.001902654,
2188.889195609, 1.001755503,
2188.909627129, 1.001807882,
2188.930058648, 1.001813093,
2188.950490168, 1.001788805,
2188.970921787, 1.001906544,
2188.991353207, 1.001825343,
2189.011784726, 1.001980909,
2189.032216345, 1.001908210,
2189.052647765, 1.001969867,
2189.093510903, 1.001405819,
2189.113942323, 1.001460381,
2189.134373942, 1.001515268,
2189.195668500, 1.001710801,
2189.216100019, 1.001555172,
2189.236531438, 1.001517478,
2189.256963057, 1.001488448,
2189.277394576, 1.001534875,
2189.297826096, 1.001586141,
2189.318257615, 1.001575702,
2189.338689134, 1.001545423,
2189.359120653, 1.001447038,
2189.379552172, 1.001132999,
2189.399983691, 1.001298811,
2189.420415310, 1.001266111,
2189.440846829, 1.001474558,
2189.461278248, 1.001353094,
2189.481709867, 1.001557185,
2189.502141386, 1.001618123,
2189.522572805, 1.001533605,
2189.543004424, 1.001493559,
2189.563435942, 1.001565699,
2189.583867361, 1.001690720,
2189.604298980, 1.001668777,
2189.624730399, 1.001746011,
2189.645161918, 1.001510795,
2189.665593537, 1.001545296,
2189.686024955, 1.001672538,
2189.706456574, 1.001593125,
2189.726888093, 1.001550118,
2189.747319512, 1.001700415,
2189.767751131, 1.001515917,
2189.788182649, 1.001549013,
2189.808614168, 1.001394282,
2189.829045687, 1.001532308,
2189.849477205, 1.002447181,
2189.869908724, 1.001688620,
2189.890340243, 1.001655899,
2189.910771761, 1.001685463,
2189.931203280, 1.001621357,
2189.951634899, 1.001618995,
2189.972066317, 1.001707937,
2189.992497936, 1.001744298,
2190.012929455, 1.001580471,
2190.033360873, 1.001607598,
2190.053792492, 1.001759552,
2190.074224010, 1.001680467,
2190.094655429, 1.001621808,
2190.115087048, 1.001768903,
2190.135518566, 1.001585926,
2190.155949985, 1.001671914,
2190.176381603, 1.001551379,
2190.196813122, 1.001493118,
2190.217244540, 1.001540619,
2190.237676159, 1.001741723,
2190.258107577, 1.001829981,
2190.278539196, 1.001576157,
2190.298970714, 1.001696844,
2190.319402133, 1.001679702,
2190.339833751, 1.001727581,
2190.380696788, 1.001673522,
2190.401128307, 1.001555228,
2190.421559825, 1.001704951,
2190.441991344, 1.001756733,
2190.462422862, 1.001778713,
2190.482854381, 1.001602547,
2190.503285899, 1.001697519,
2190.523717518, 1.001616993,
2190.544148936, 1.001770316,
2190.564580554, 1.001674364,
2190.646306628, 1.001675503,
2190.666738047, 1.001671842,
2190.687169665, 1.001789183,
2190.707601184, 1.001613036,
2190.728032602, 1.001669874,
2190.748464220, 1.001912076,
2190.768895739, 1.001827626,
2190.789327257, 1.001683829,
2190.809758776, 1.001621790,
2190.830190294, 1.001712643,
2190.850621913, 1.001722582,
2190.871053331, 1.001604419,
2190.891484850, 1.001707498,
2190.911916468, 1.001738902,
2190.932347886, 1.001752197,
2190.952779405, 1.001545925,
2190.973211023, 1.001469002,
2190.993642442, 1.001496720,
2191.014073960, 1.001583227,
2191.034505579, 1.001724584,
2191.054936997, 1.001717486,
2191.075368516, 1.001640918,
2191.095800134, 1.001793499,
2191.136663171, 1.001699171,
2191.157094690, 1.001686698,
2191.177526108, 1.001678120,
2191.197957727, 1.001820368,
2191.218389245, 1.001768907,
2191.238820664, 1.001738421,
2191.259252282, 1.001825068,
2191.279683801, 1.001954828,
2191.300115219, 1.001903000,
2191.361409875, 1.001008561,
2191.381841394, 1.000807356,
2191.402272912, 1.000753814,
2191.422704531, 1.000861953,
2191.443136049, 1.000676787,
2191.463567468, 1.000727967,
2191.483999087, 1.000733945,
2191.504430605, 0.995711002,
2191.524862024, 0.990715092,
2191.545293643, 0.989265182,
2191.565725161, 0.989002875,
2191.586156580, 0.989355623,
2191.627019617, 0.993616102,
2191.647451136, 1.001476268,
2191.667882755, 1.001820200,
2191.688314273, 1.001848754,
2191.708745792, 1.001779312,
2191.729177311, 1.001587772,
2191.749608730, 1.001585577,
2191.770040349, 1.001668422,
2191.851766424, 1.001650783,
2191.872197943, 1.001793062,
2191.892629462, 1.001662265,
2191.913060980, 1.001784833,
2191.933492599, 1.001766364,
2191.953924018, 1.001945323,
2191.974355537, 1.001682442,
2191.994787156, 1.001653314,
2192.015218675, 1.001843788,
2192.035650094, 1.001859205,
2192.056081713, 1.001836647,
2192.076513232, 1.001834729,
2192.117376270, 1.001866360,
2192.158239209, 1.001945485,
2192.199102347, 1.001773058,
2192.219533966, 1.001866509,
2192.239965385, 1.001823896,
2192.260396904, 1.001926210,
2192.280828523, 1.001931220,
2192.301259943, 1.001838657,
2192.342123081, 1.001708821,
2192.362554501, 1.001947217,
2192.382986020, 1.001733104,
2192.403417539, 1.001855523,
2192.423849059, 1.001894330,
2192.444280578, 1.001871694,
2192.464712097, 1.001815828,
2192.485143617, 1.001847146,
2192.505575236, 1.001717526,
2192.526006756, 1.001790350,
2192.546438175, 1.001936655,
2192.607732734, 1.001857530,
2192.628164354, 1.001941789,
2192.648595873, 1.001842868,
2192.669027293, 1.001918786,
2192.689458913, 1.002079743,
2192.709890432, 1.002146717,
2192.730322052, 1.001920146,
2192.750753472, 1.001799662,
2192.771184992, 1.001966471,
2192.791616611, 1.001985459,
2192.852911171, 1.001883086,
2192.873342591, 1.002026879,
2192.893774111, 1.001855839,
2192.914205731, 1.001894646,
2192.934637151, 1.001918469,
2192.955068671, 1.001990928,
2192.975500291, 1.002037910,
2192.995931711, 1.002071746,
2193.016363331, 1.001814255,
2193.036794851, 1.002005399,
2193.057226372, 1.001871176,
2193.098089412, 1.002054718,
2193.118520832, 1.002140255,
2193.138952453, 1.001806949,
2193.159383973, 1.001846659,
2193.179815394, 1.001785907,
2193.200247014, 1.001958324,
2193.220678534, 1.001928678,
2193.241110155, 1.001931309,
2193.261541575, 1.001808175,
2193.281973096, 1.001859739,
2193.302404717, 1.001781681,
2193.343267658, 1.001632700,
2193.363699279, 1.001615092,
2193.384130699, 1.001831881,
2193.404562220, 1.001949350,
2193.424993841, 1.001956692,
2193.445425262, 1.001975327,
2193.465856783, 1.001854838,
2193.486288403, 1.001901020,
2193.506719924, 1.001912467,
2193.527151445, 1.001969013,
2193.547582966, 1.001917087,
2193.588446009, 1.002002845,
2193.608877530, 1.001754872,
2193.629309051, 1.001969050,
2193.649740672, 1.001916631,
2193.670172093, 1.001976424,
2193.690603615, 1.002137880,
2193.711035236, 1.002071595,
2193.731466657, 1.001882062,
2193.751898179, 1.001921266,
2193.772329700, 1.001942368,
2193.792761222, 1.001691939,
2193.833624265, 1.002111804,
2193.854055786, 1.002050505,
2193.874487408, 1.001978788,
2193.894918830, 1.002090803,
2193.915350351, 1.001908621,
2193.935781973, 1.002024444,
2193.956213395, 1.001946366,
2193.976644917, 1.002041648,
2193.997076539, 1.001998725,
2194.017507961, 1.002166170,
2194.037939583, 1.001887804,
2194.078802627, 1.001891742,
2194.099234149, 1.002054472,
2194.119665671, 1.002075522,
2194.140097193, 1.001764912,
2194.160528816, 1.001825091,
2194.180960238, 1.001922292,
2194.201391760, 1.001940475,
2194.221823383, 1.001816748,
2194.242254805, 1.002042286,
2194.262686328, 1.002202365,
2194.283117950, 1.002195260,
2194.303549373, 1.001831769,
2194.323980996, 1.002018044,
2194.344412518, 1.002085016,
2194.364843941, 1.001992797,
2194.385275564, 1.001948473,
2194.405706987, 1.001937669,
2194.426138509, 1.001921854,
2194.446570132, 1.002070066,
2194.467001555, 1.001933596,
2194.487433078, 1.001922173,
2194.569159271, 1.001968586,
2194.589590794, 1.001987403,
2194.610022318, 1.001971424,
2194.630453841, 1.001939031,
2194.650885365, 1.002001361,
2194.671316988, 1.002110453,
2194.691748412, 1.002167148,
2194.712179935, 1.002021203,
2194.732611559, 1.001952267,
2194.753042983, 1.001859217,
2194.814337554, 1.002219792,
2194.834769178, 1.002018050,
2194.855200702, 1.002100314,
2194.875632126, 1.002171380,
2194.896063750, 1.001982649,
2194.916495274, 1.001829393,
2194.936926698, 1.001826979,
2194.957358323, 1.001823088,
2194.977789847, 1.002045377,
2194.998221371, 1.002006581,
2195.079947469, 1.002029028,
2195.100378994, 1.002176795,
2195.120810519, 1.002104794,
2195.141242044, 1.002020598,
2195.161673568, 1.002144880,
2195.182105093, 1.002151799,
2195.202536618, 1.002007732,
2195.243399768, 1.002200231,
2195.284262819, 1.002174894,
2195.304694344, 1.002115338,
2195.325125769, 1.002217783,
2195.345557395, 1.002298863,
2195.365988920, 1.002350311,
2195.386420346, 1.002220975,
2195.406851971, 1.002406291,
2195.427283497, 1.002344593,
2195.447714923, 1.002236294,
2195.468146548, 1.002281205,
2195.488578074, 1.002279253,
2195.509009700, 1.002336203,
2195.549872652, 1.002326497,
2195.570304278, 1.002392249,
2195.590735704, 1.002283608,
2195.611167230, 1.002260971,
2195.631598857, 1.002461628,
2195.652030283, 1.001729823,
2195.672461809, 0.993179240,
2195.692893436, 0.990486510,
2195.713324962, 0.989835682,
2195.733756489, 0.989390592,
2195.754188016, 0.990135471,
2195.795051069, 0.998294942,
2195.815482596, 1.002271655,
2195.835914023, 1.002382704,
2195.856345650, 1.002236173,
2195.876777177, 1.002566939,
2195.897208604, 1.002698182,
2195.917640231, 1.002427841,
2195.938071759, 1.002371082,
2195.958503386, 1.002477010,
2195.978934813, 1.002430927,
2195.999366341, 1.002520239,
2196.040229396, 1.002468374,
2196.060660924, 1.002480388,
2196.081092552, 1.002517119,
2196.101523979, 1.002559197,
2196.121955507, 1.002543145,
2196.142387135, 1.002511356,
2196.162818563, 1.002543030,
2196.183250092, 1.002409503,
2196.203681720, 1.002484277,
2196.224113248, 1.002455556,
2196.285407833, 1.002480672,
2196.305839362, 1.002483602,
2196.326270891, 1.002624074,
2196.346702419, 1.002743942,
2196.367134048, 1.002610522,
2196.387565477, 1.002476608,
2196.407997006, 1.002293726,
2196.428428535, 1.002624965,
2196.448860064, 1.002657552,
2196.469291693, 1.002498632,
2196.530586281, 1.002412787,
2196.551017711, 1.002461588,
2196.571449240, 1.002626927,
2196.591880870, 1.002747739,
2196.612312300, 1.002707837,
2196.632743830, 1.002606097,
2196.653175459, 1.002584479,
2196.694038519, 1.002840063,
2196.714470050, 1.002745708,
2196.775764640, 1.002675472,
2196.796196171, 1.002621880,
2196.816627701, 1.002818222,
2196.837059232, 1.002570577,
2196.857490763, 1.002704021,
2196.877922393, 1.002643981,
2196.898353824, 1.002904543,
2196.918785455, 1.002736125,
2196.939216986, 1.003201620,
2196.959648417, 1.002845630,
2197.020943011, 1.002639294,
2197.041374643, 1.002696525,
2197.061806174, 1.002634620,
2197.082237606, 1.003085036,
2197.102669237, 1.002642127,
2197.123100769, 1.002762880,
2197.143532401, 1.002579752,
2197.163963833, 1.002667185,
2197.184395265, 1.002491754,
2197.204826897, 1.002639716,
2197.225258429, 1.002663290,
2197.266121494, 1.002500936,
2197.286553026, 1.002216923,
2197.306984559, 1.002503414,
2197.327416092, 1.002633430,
2197.347847624, 1.002669357,
2197.368279257, 1.002707134,
2197.388710790, 1.002694903,
2197.409142223, 1.002557414,
2197.429573856, 1.002655000,
2197.450005389, 1.002640101,
2197.470436823, 1.002613372,
2197.593026225, 1.002638987,
2197.613457658, 1.002642533,
2197.633889192, 1.002407574,
2197.654320827, 1.002600799,
2197.674752261, 1.002535475,
2197.695183795, 1.002685258,
2197.756478398, 1.002726064,
2197.776910033, 1.002684410,
2197.797341468, 1.002567528,
2197.817773103, 1.002726183,
2197.838204538, 1.002538250,
2197.858636173, 1.002515092,
2197.879067708, 1.002686664,
2197.899499143, 1.002640511,
2197.919930678, 1.002772680,
2197.940362314, 1.002960809,
2197.960793849, 1.002803699,
2198.001656920, 1.002636211,
2198.022088456, 1.002587620,
2198.042519992, 1.002644845,
2198.062951528, 1.002406202,
2198.083383064, 1.002451546,
2198.103814700, 1.002392431,
2198.124246137, 1.002478632,
2198.144677673, 1.002644108,
2198.165109310, 1.002639853,
2198.185540746, 1.002732415,
2198.205972283, 1.002697907,
2198.246835357, 1.002544642,
2198.267266993, 1.002692335,
2198.287698531, 1.002651975,
2198.308129968, 1.002641398,
2198.348993142, 1.002682427,
2198.369424680, 1.002569375,
2198.389856218, 1.002646803,
2198.410287755, 1.002689190,
2198.430719293, 1.002654786,
2198.492013907, 1.002506605,
2198.512445445, 1.002686614,
2198.532876984, 1.002758245,
2198.553308522, 1.002625134,
2198.573740061, 1.002644365,
2198.594171599, 1.002688220,
2198.614603238, 1.002697730,
2198.635034677, 1.002706841,
2198.655466216, 1.002736457,
2198.675897855, 1.002700193,
2198.696329294, 1.002691241,
2198.737192473, 1.002554726,
2198.757623912, 1.002596374,
2198.778055552, 1.002584849,
2198.798487091, 1.002758896,
2198.818918531, 1.002678254,
2198.839350171, 1.002489149,
2198.859781711, 1.002422193,
2198.880213151, 1.002414938,
2198.900644791, 1.002423607,
2198.921076332, 1.002539014,
2198.941507972, 1.002862974,
2199.002802594, 1.002620638,
2199.023234135, 1.002587922,
2199.043665576, 1.002656192,
2199.064097217, 1.002633701,
2199.084528759, 1.002548404,
2199.104960300, 1.002607846,
2199.125391841, 1.002699576,
2199.145823383, 1.002698897,
2199.166254925, 1.002752938,
2199.186686466, 1.002600641,
2199.227549550, 1.002573693,
2199.247981092, 1.002435082,
2199.268412535, 1.002687280,
2199.288844177, 1.002593013,
2199.309275720, 1.002511776,
2199.329707362, 1.002447381,
2199.350138805, 1.002561385,
2199.370570348, 1.002499622,
2199.411433434, 1.002609242,
2199.431864977, 1.002508787,
2199.452296620, 1.002597803,
2199.472728063, 1.002592981,
2199.493159607, 1.002626868,
2199.513591251, 1.002607389,
2199.534022694, 1.002453219,
2199.554454338, 1.002739860,
2199.574885882, 1.002498621,
2199.595317426, 1.002698286,
2199.615748971, 1.002602003,
2199.636180515, 1.002611312,
2199.656612059, 1.002452707,
2199.717906694, 1.002636136,
2199.738338338, 1.002532718,
2199.758769783, 1.002548340,
2199.779201429, 1.002485918,
2199.799632974, 1.002637004,
2199.820064419, 0.998415846,
2199.840496065, 0.991842505,
2199.881359056, 0.989744387,
2199.901790702, 0.989921118,
2199.963085341, 1.001901588,
2200.003948434, 1.002649669,
2200.024379980, 1.002544220,
2200.044811427, 1.002730915,
2200.065243074, 1.002647789,
2200.085674621, 1.002659561,
2200.106106168, 1.002521281,
2200.126537716, 1.002693479,
2200.146969263, 1.002568643,
2200.167400910, 1.002430239,
2200.208263906, 1.002538610,
2200.228695554, 1.002719226,
2200.249127102, 1.002660369,
2200.269558550, 1.002623043,
2200.289990198, 1.002563309,
2200.330853195, 1.002860318,
2200.351284844, 1.002619516,
2200.371716393, 1.002540186,
2200.392148042, 1.001505493,
2200.453442689, 1.001275389,
2200.473874139, 1.001459240,
2200.494305688, 1.001561122,
2200.514737238, 1.001621440,
2200.535168788, 1.001613226,
2200.555600338, 1.002493928,
2200.576031888, 1.002742495,
2200.596463438, 1.002575162,
2200.616895089, 1.002613294,
2200.637326539, 1.002667045,
2200.657758090, 1.002788509,
2200.698621191, 1.002643691,
2200.719052742, 1.002541319,
2200.739484394, 1.002571290,
2200.780347396, 1.002642224,
2200.800779048, 1.002605251,
2200.821210600, 1.002555968,
2200.841642151, 1.002655072,
2200.862073703, 1.002452891,
2200.882505256, 1.002727115,
2200.902936908, 1.002575756,
2200.943799913, 1.002546846,
2200.964231565, 1.002812578,
2200.984663018, 1.002655672,
2201.005094671, 1.002637591,
2201.025526224, 1.002562377,
2201.045957677, 1.002732002,
2201.066389331, 1.002806167,
2201.086820884, 1.002793122,
2201.107252338, 1.002601169,
2201.127683991, 1.002633238,
2201.148115545, 1.002602514,
2201.188978654, 1.002640172,
2201.209410208, 1.002539488,
2201.229841762, 1.002631070,
2201.250273317, 1.002605042,
2201.270704872, 1.002587013,
2201.291136427, 1.002730898,
2201.311567982, 1.002724368,
2201.331999537, 1.002635245,
2201.352431092, 1.002741913,
2201.372862647, 1.002443498,
2201.393294203, 1.002466136,
2201.454588971, 1.002632185,
2201.475020527, 1.002795318,
2201.515883640, 1.002609681,
2201.536315196, 1.002636546,
2201.577178310, 1.002763348,
2201.597609867, 1.002837476,
2201.618041324, 1.002790569,
2201.658904539, 1.002576151,
2201.679336196, 1.002563210,
2201.699767654, 1.002624112,
2201.720199212, 1.002527596,
2201.740630870, 1.002590690,
2201.761062328, 1.002646777,
2201.781493886, 1.002453657,
2201.801925545, 1.002572391,
2201.822357004, 1.002518367,
2201.842788662, 1.002511397,
2201.863220221, 1.002651193,
2201.883651680, 1.002676449,
2201.924514799, 1.002733294,
2201.944946359, 1.002531757,
2201.965378018, 1.002629215,
2201.985809578, 1.002598152,
2202.026672698, 1.002446106,
2202.047104258, 1.002432067,
2202.067535819, 1.002589861,
2202.087967379, 1.002601105,
2202.108398940, 1.002527814,
2202.169693623, 1.002607191,
2202.190125285, 1.002531548,
2202.210556746, 1.002568566,
2202.230988308, 1.002537840,
2202.271851432, 1.002618343,
2202.292283094, 1.002819198,
2202.312714656, 1.002685009,
2202.333146118, 1.002699006,
2202.353577781, 1.002839921,
2202.414872470, 1.002696627,
2202.435304033, 1.002459039,
2202.455735696, 1.002614170,
2202.476167160, 1.002824887,
2202.496598723, 1.002739849,
2202.517030287, 1.002522497,
2202.537461851, 1.002638761,
2202.557893415, 1.002634552,
2202.578324979, 1.002658882,
2202.598756544, 1.002651621,
2202.660051238, 1.002704720,
2202.680482903, 1.002679750,
2202.700914469, 1.002620642,
2202.721345934, 1.002885590,
2202.741777600, 1.002634092,
2202.762209165, 1.002563090,
2202.782640631, 1.002762195,
2202.803072297, 1.002513200,
2202.823503863, 1.002484121,
2202.843935330, 1.002390362,
2202.864366996, 1.002784259,
2202.925661697, 1.002683437,
2202.946093264, 1.002672562,
2202.966524931, 1.002599531,
2202.986956399, 1.002707884,
2203.007387967, 1.002856287,
2203.027819634, 1.002905631,
2203.048251103, 1.003122525,
2203.068682771, 1.002745013,
2203.089114339, 1.002775419,
2203.109545908, 1.002950701,
2203.150409045, 1.002613509,
2203.170840614, 1.002782585,
2203.191272183, 1.002650311,
2203.211703752, 1.002880305,
2203.232135322, 1.002717990,
2203.252566892, 1.002602833,
2203.272998461, 1.002742026,
2203.293430131, 1.002672395,
2203.313861602, 1.002837823,
2203.334293172, 1.002642227,
2203.354724842, 1.002532798,
2203.395587884, 1.002799963,
2203.416019555, 1.002694928,
2203.436451026, 1.002690558,
2203.456882598, 1.002613068,
2203.477314269, 1.002496402,
2203.497745741, 1.002636081,
2203.518177413, 1.002527090,
2203.538608985, 1.002747261,
2203.559040457, 1.002524087,
2203.579472129, 1.002668717,
2203.599903702, 1.002474092,
2203.640766847, 1.002412080,
2203.661198420, 1.002677084,
2203.681630093, 1.002474209,
2203.702061567, 1.002597560,
2203.722493140, 1.002539440,
2203.742924814, 1.002563435,
2203.763356388, 1.002626764,
2203.783787862, 1.002720145,
2203.804219537, 1.002582185,
2203.824651111, 1.002798748,
2203.845082586, 1.002574307,
2203.885945835, 1.002704210,
2203.906377410, 1.002578636,
2203.926808986, 1.002563870,
2203.947240461, 1.002690478,
2203.967672137, 1.002364132,
2203.988103713, 0.994284988,
2204.008535189, 0.991190959,
2204.028966865, 0.990171261,
2204.049398441, 0.989934960,
2204.069829918, 0.990444800,
2204.090261595, 0.991704983,
2204.131124849, 1.002616868,
2204.151556326, 1.002631747,
2204.171987903, 1.002530702,
2204.192419581, 1.002481813,
2204.212851059, 1.002507851,
2204.233282637, 1.002605644,
2204.253714315, 1.002688824,
2204.274145893, 1.002549377,
2204.294577472, 1.002676277,
2204.315009051, 1.002731347,
2204.376303788, 1.002569775,
2204.396735367, 1.002378804,
2204.417166947, 1.002473890,
2204.437598527, 1.002508904,
2204.458030107, 1.002638060,
2204.478461787, 1.002649555,
2204.498893267, 1.002607119,
2204.519324948, 1.002608001,
2204.539756428, 1.002577956,
2204.560188009, 1.002740184,
2204.621482753, 1.002398472,
2204.641914435, 1.002297231,
2204.662345916, 1.002570482,
2204.682777598, 1.002651289,
2204.703209181, 1.002609144,
2204.723640663, 1.002640763,
2204.744072346, 1.002664894,
2204.764503928, 1.002627357,
2204.784935411, 1.002498442,
2204.825798678, 1.002596300,
2204.866661845, 1.002534505,
2204.887093429, 1.002454592,
2204.907525113, 1.002574281,
2204.927956697, 1.002717806,
2204.948388182, 1.002825098,
2204.968819866, 1.002696553,
2204.989251451, 1.002528173,
2205.009682936, 1.002602021,
2205.030114621, 1.002667688,
2205.050546207, 1.002749665,
2205.111840964, 1.002526685,
2205.132272650, 1.002536217,
2205.152704137, 1.002519656,
2205.173135723, 1.002451894,
2205.193567310, 1.002255933,
2205.213998897, 1.002359071,
2205.234430484, 1.002583401,
2205.254862071, 1.004268163,
2205.275293659, 1.002433283,
2205.295725346, 1.002566250,
2205.316156834, 1.002527515,
2205.357020111, 1.002527171,
2205.377451599, 1.002481271,
2205.397883188, 1.002603998,
2205.418314877, 1.002587630,
2205.438746366, 1.002484333,
2205.459177955, 1.002602904,
2205.479609645, 1.002655055,
2205.500041234, 1.002640106,
2205.520472824, 1.002564531,
2205.540904414, 1.002522081,
2205.561336004, 1.002383422,
2205.602199185, 1.002529074,
2205.622630776, 1.002587141,
2205.643062467, 1.002619806,
2205.663493959, 1.002550092,
2205.683925550, 1.002513358,
2205.704357242, 1.002569455,
2205.724788733, 1.002598970,
2205.745220426, 1.002574542,
2205.765652018, 1.002469014,
2205.786083510, 1.002540888,
2205.806515203, 1.002695819,
2205.847378289, 1.002588100,
2205.867809982, 1.002517658,
2205.888241575, 1.002559140,
2205.908673169, 1.002572983,
2205.929104763, 1.002693742,
2205.949536257, 1.002465923,
2205.969967951, 1.002355992,
2205.990399546, 1.002329413,
2206.010831140, 1.002339434,
2206.031262735, 1.002487271,
2206.051694330, 1.002614135,
2206.112989117, 1.002512704,
2206.133420812, 1.002609716,
2206.153852409, 1.002549068,
2206.194715601, 1.002518149,
2206.215147198, 1.002408358,
2206.235578695, 1.002500334,
2206.256010392, 1.002536631,
2206.276441989, 1.002801366,
2206.337736783, 1.002466254,
2206.358168481, 1.002595700,
2206.378599979, 1.002516530,
2206.399031578, 1.002546811,
2206.419463276, 1.002599311,
2206.439894775, 1.002557373,
2206.460326375, 1.002691302,
2206.480758074, 1.002618721,
2206.501189574, 1.002631126,
2206.521621273, 1.002614718,
2206.542052873, 1.002537896,
2206.582916074, 1.002481856,
2206.603347575, 1.002652028,
2206.623779176, 1.002571956,
2206.644210877, 1.002490749,
2206.664642378, 1.002487021,
2206.685073980, 1.002590396,
2206.705505681, 1.002565935,
2206.725937283, 1.002502109,
2206.746368885, 1.002369767,
2206.766800488, 1.002599233,
2206.787232090, 1.002773699,
2206.828095296, 1.002649452,
2206.848526899, 1.002552854,
2206.868958603, 1.002630204,
2206.889390106, 1.002679668,
2206.909821810, 1.002555616,
2206.930253414, 1.002582446,
2206.950684919, 1.002770156,
2206.971116623, 1.002592188,
2206.991548228, 1.002493855,
2207.011979733, 1.002591482,
2207.032411438, 1.002549950,
2207.073274549, 1.002581594,
2207.093706255, 1.002563970,
2207.114137861, 1.002665499,
2207.134569567, 1.002606862,
2207.155001073, 1.002595315,
2207.175432680, 1.002624752,
2207.195864387, 1.002573954,
2207.216295894, 1.002637140,
2207.236727501, 1.002583227,
2207.257159109, 1.002563288,
2207.318454033, 1.002555618,
2207.338885541, 1.002727289,
2207.359317250, 1.002588662,
2207.379748859, 1.002693778,
2207.400180368, 1.002540199,
2207.420612077, 1.002713684,
2207.441043687, 1.002524847,
2207.461475197, 1.002677062,
2207.481906907, 1.002807767,
2207.502338517, 1.002542601,
2207.522770227, 1.002524724,
2207.563633349, 1.002363467,
2207.584065060, 1.002492767,
2207.604496571, 1.002567455,
2207.624928183, 1.002633693,
2207.645359895, 1.002635945,
2207.665791407, 1.002588895,
2207.686223019, 1.002675392,
2207.706654731, 1.002691106,
2207.727086244, 1.002574524,
2207.747517957, 1.002667161,
2207.767949570, 1.002666477,
2207.808812797, 1.002546393,
2207.829244411, 1.002688440,
2207.849676025, 1.002649154,
2207.870107639, 1.002656444,
2207.890539253, 1.002674854,
2207.910970868, 1.002722230,
2207.931402483, 1.002646985,
2207.951834098, 1.002659411,
2207.972265714, 1.002691132,
2207.992697329, 1.002689762,
2208.013128945, 1.002726763,
2208.053992177, 1.002606038,
2208.074423794, 1.002673128,
2208.094855511, 1.002657990,
2208.115287028, 1.002641980,
2208.135718745, 0.999647886,
2208.156150362, 0.992314909,
2208.176581880, 0.990555030,
2208.197013598, 0.990025139,
2208.217445216, 0.989894298,
2208.237876735, 0.990723092,
2208.258308453, 0.993098026,
2208.299171591, 1.002571618,
2208.319603311, 1.002596452,
2208.340034930, 1.002394627,
2208.360466650, 1.002369256,
2208.380898170, 1.002514307,
2208.401329790, 1.002602937,
2208.421761511, 1.002711742,
2208.442193031, 1.002770403,
2208.462624652, 1.002559166,
2208.483056374, 1.002734133,
2208.503487995, 1.002695794,
2208.544351239, 1.002723766,
2208.564782861, 1.002769779,
2208.585214483, 1.002644115,
2208.605646106, 1.002739120,
2208.626077629, 1.002755415,
2208.646509352, 1.002792901,
2208.666940975, 1.002773447,
2208.687372499, 1.002915428,
2208.707804222, 1.002935791,
2208.728235846, 1.002903756,
2208.789530720, 1.002615646,
2208.809962445, 1.002828240,
2208.830393970, 1.002925662,
2208.850825596, 1.002769809,
2208.871257321, 1.002734781,
2208.891688847, 1.002743945,
2208.912120573, 1.002557364,
2208.932552200, 1.002769939,
2208.952983727, 1.002585522,
2208.973415454, 1.002781752,
2208.993847081, 1.002706176,
2209.034710336, 1.002663552,
2209.055141964, 1.002695904,
2209.075573592, 1.002723898,
2209.096005220, 1.002554840,
2209.116436849, 1.002483586,
2209.136868578, 1.002439798,
2209.157300207, 1.002435229,
2209.177731736, 1.002567803,
2209.198163466, 1.002733661,
2209.218595096, 1.002745465,
2209.239026626, 1.002677053,
2209.279889887, 1.002758548,
2209.300321617, 1.002716789,
2209.320753248, 1.002654166,
2209.341184780, 1.002791106,
2209.361616511, 1.002677125,
2209.382048143, 1.002650310,
2209.402479675, 1.002485997,
2209.422911407, 1.002151179,
2209.443343040, 1.001662309,
2209.463774573, 1.001874984,
2209.525069673, 1.001775143,
2209.545501207, 1.001767890,
2209.565932841, 1.001889077,
2209.586364575, 1.002573470,
2209.606796109, 1.002856254,
2209.627227744, 1.002989332,
2209.647659479, 1.002651121,
2209.668091114, 1.002728806,
2209.688522750, 1.002703913,
2209.708954386, 1.002765756,
2209.729386022, 1.002655408,
2209.770249295, 1.002934776,
2209.790680931, 1.002683181,
2209.811112669, 1.002686346,
2209.831544206, 1.002719573,
2209.851975843, 1.002727998,
2209.872407481, 1.002675427,
2209.892839119, 1.002507854,
2209.913270858, 1.002338916,
2209.933702396, 1.002426177,
2209.954134035, 1.002390833,
2210.015428953, 1.002593260,
2210.035860693, 1.002646055,
2210.056292233, 1.002760178,
2210.076723973, 1.002747264,
2210.097155614, 1.002655468,
2210.117587155, 1.002685979,
2210.138018896, 1.002784915,
2210.158450537, 1.002606905,
2210.178882179, 1.002641459,
2210.199313821, 1.002783926,
2210.219745463, 1.002753098,
2210.260608748, 1.002748141,
2210.281040391, 1.002666067,
2210.301472134, 1.002681532,
2210.321903678, 1.002651140,
2210.362767065, 1.002679152,
2210.383198710, 1.002704825,
2210.403630254, 1.002776634,
2210.424061999, 1.002686864,
2210.444493644, 1.002617221,
2210.464925389, 1.002752470,
2210.505788580, 1.002709880,
2210.546651873, 1.002750629,
2210.567083519, 1.002640534,
2210.587515266, 1.004405734,
2210.607946813, 1.008970362,
2210.628378461, 1.004767868,
2210.648810108, 1.000905774,
2210.669241756, 1.002603142,
2210.689673504, 1.002647853,
2210.710105053, 1.002724379,
2210.750968450, 1.002419504,
2210.771399999, 1.002700450,
2210.791831649, 1.002694603,
2210.812263399, 1.002531200,
2210.832695049, 1.002562401,
2210.853126699, 1.002511580,
2210.873558349, 1.002442985,
2210.893990000, 1.002641423,
2210.914421651, 1.002530395,
2210.934853303, 1.002452284,
2210.955284954, 1.002521461,
2210.996148258, 1.002612980,
2211.016579911, 1.002720287,
2211.037011663, 1.002528106,
2211.057443216, 1.002547802,
2211.077874969, 1.002648555,
2211.098306623, 1.002543433,
2211.118738177, 1.002659013,
2211.159601585, 1.002643492,
2211.241328205, 1.002617389,
2211.261759860, 1.002646606,
2211.282191416, 1.002446049,
2211.302623173, 1.002505520,
2211.323054829, 1.002720730,
2211.343486386, 1.002542476,
2211.363918143, 1.002769369,
2211.384349800, 1.002695957,
2211.404781457, 1.002718316,
2211.425213115, 1.002843014,
2211.445644773, 1.002754546,
2211.486508090, 1.002270628,
2211.506939749, 1.002313543,
2211.527371508, 1.002385281,
2211.547803167, 1.002475766,
2211.568234727, 1.002572270,
2211.588666487, 1.002555179,
2211.609098147, 1.002632265,
2211.629529808, 1.002672165,
2211.649961469, 1.002683950,
2211.670393130, 1.002593869,
2211.690824891, 1.002656261,
2211.731688115, 1.002697173,
2211.752119877, 1.002623064,
2211.772551439, 1.002553783,
2211.792983102, 1.002553747,
2211.813414865, 1.002665117,
2211.833846428, 1.002573789,
2211.854278192, 1.002398574,
2211.874709856, 1.002729883,
2211.895141420, 1.002815647,
2211.915573185, 1.002533777,
2211.936004749, 1.002514626,
2211.976868180, 1.002546242,
2211.997299745, 1.002577928,
2212.017731511, 1.002573751,
2212.038163177, 1.002473767,
2212.099458177, 1.002544574,
2212.140321512, 1.002442428,
2212.160753180, 1.002681477,
2212.181184848, 1.002954018,
2212.201616616, 1.002526160,
2212.222048185, 1.002571049,
2212.242479954, 1.002677109,
2212.262911623, 1.002599207,
2212.283343192, 1.002237028,
2212.303774962, 0.995297048,
2212.324206632, 0.990964746,
2212.344638203, 0.990199546,
2212.365069973, 0.989813652,
2212.385501644, 0.990095257,
2212.405933415, 0.996553560,
2212.426364987, 1.002425985,
2212.467228431, 1.002674831,
2212.487660003, 1.002703261,
2212.508091676, 1.002655481,
2212.528523449, 1.002588503,
2212.548955022, 1.002796280,
2212.569386695, 1.002645133,
2212.589818369, 1.002690383,
2212.630681818, 1.002569045,
2212.651113392, 1.002685278,
2212.671545067, 1.002703194,
2212.712408518, 1.002610530,
2212.732840094, 1.002639933,
2212.753271870, 1.002631534,
2212.773703546, 1.002589204,
2212.794135123, 1.002754508,
2212.814566900, 1.002727196,
2212.834998577, 1.002604637,
2212.855430355, 1.002592119,
2212.875861933, 1.002536809,
2212.896293611, 1.002600548,
2212.916725389, 1.002610623,
2212.957588647, 1.002702009,
2212.978020426, 1.002593557,
2212.998452006, 1.002563708,
2213.018883786, 1.002604253,
2213.039315466, 1.002725721,
2213.059747046, 1.002589646,
2213.080178827, 1.002532772,
2213.100610508, 1.002678830,
2213.121042089, 1.002687985,
2213.141473871, 1.002830049,
2213.202768918, 1.002618982,
2213.223200601, 1.002507809,
2213.243632284, 1.002636600,
2213.264063967, 1.002636958,
