BJD - 2454833, Corrected Flux
3420.221585797, 0.999239735,
3420.242018085, 0.999392867,
3420.262450272, 0.999006216,
3420.282882359, 0.999056457,
3420.303314645, 0.998771141,
3420.323746831, 0.998957686,
3420.344178916, 0.999006952,
3420.364611201, 0.998945784,
3420.385043385, 0.999236767,
3420.405475469, 0.998881787,
3420.425907752, 0.999113161,
3420.487204299, 0.998863263,
3420.507636481, 0.998651533,
3420.528068662, 0.998789660,
3420.548500842, 0.998813449,
3420.568933022, 0.998663834,
3420.589365202, 0.998780533,
3420.609797381, 0.998699027,
3420.630229560, 0.998538874,
3420.650661638, 0.998640130,
3420.671093916, 0.998589488,
3420.691526093, 0.998511845,
3420.711958370, 0.998510342,
3420.732390446, 0.998723201,
3420.752822622, 0.998472587,
3420.773254897, 0.998256679,
3420.793686972, 0.998182166,
3420.814119147, 0.998766256,
3420.834551420, 0.998132400,
3420.854983494, 0.998464091,
3420.875415667, 0.998509130,
3420.895847939, 0.998086306,
3420.916280012, 0.998289701,
3420.957144454, 0.998251028,
3420.977576625, 0.998250306,
3420.998008695, 0.998594059,
3421.018440965, 0.998333847,
3421.038873134, 0.998206662,
3421.059305203, 0.998615564,
3421.079737471, 0.998100951,
3421.100169639, 0.998375303,
3421.120601707, 0.998068378,
3421.141033974, 0.998331331,
3421.161466140, 0.998003826,
3421.181898206, 0.998224325,
3421.202330472, 0.997760525,
3421.222762637, 0.998154565,
3421.243194702, 0.999875913,
3421.263626966, 0.997792206,
3421.284059130, 0.998099324,
3421.304491292, 0.998026967,
3421.324923455, 0.997833100,
3421.345355617, 0.998076739,
3421.365787680, 0.997903425,
3421.386219941, 0.998204436,
3421.406652102, 0.997858969,
3421.447516422, 0.997877416,
3421.467948582, 0.997826875,
3421.488381541, 0.997936244,
3421.508813799, 0.997872835,
3421.529245958, 0.997669211,
3421.549678015, 0.997831807,
3421.570110272, 0.997853878,
3421.590542429, 0.997668358,
3421.610974685, 0.997871451,
3421.631406741, 0.997768084,
3421.651838897, 0.997883542,
3421.672271151, 0.997624445,
3421.692703206, 0.997799028,
3421.713135360, 0.997807625,
3421.733567614, 0.997703583,
3421.753999667, 0.997568967,
3421.774431819, 0.997569620,
3421.794864071, 0.997687365,
3421.815296223, 0.997719294,
3421.835728274, 0.997622193,
3421.856160525, 0.997984554,
3421.876592675, 0.997538323,
3421.897024725, 0.997347758,
3421.937889124, 0.997589793,
3421.958321172, 0.997368282,
3421.978753420, 0.998094364,
3421.999185568, 0.997522992,
3422.019617615, 0.997344746,
3422.040049861, 0.997025908,
3422.060482008, 0.997520603,
3422.080914053, 0.997114847,
3422.101346299, 0.997517279,
3422.121778443, 0.997518871,
3422.142210588, 0.997484202,
3422.162642732, 0.997443923,
3422.183074875, 0.997543343,
3422.203507018, 0.997630886,
3422.223939161, 0.997663845,
3422.244371303, 0.997933659,
3422.264803444, 0.997387405,
3422.285235586, 0.998486602,
3422.305667727, 0.997405305,
3422.326099767, 0.997282038,
3422.346532006, 0.997359193,
3422.366964146, 0.997705972,
3422.387396185, 0.997378438,
3422.448692599, 0.997143981,
3422.469124836, 0.997349329,
3422.489556973, 0.997398611,
3422.509989109, 0.997700749,
3422.530421245, 0.997317675,
3422.550853380, 0.997363046,
3422.571285515, 0.997523965,
3422.591717649, 0.997123688,
3422.612149783, 0.997444084,
3422.632581916, 0.997361730,
3422.653014150, 0.997388258,
3422.673446182, 0.997443743,
3422.693878315, 0.997696087,
3422.714310546, 0.997433027,
3422.734742577, 0.997515769,
3422.755174808, 0.997538446,
3422.775606938, 0.997386375,
3422.796038968, 0.997279185,
3422.816471198, 0.997277775,
3422.836903327, 0.997374752,
3422.857335355, 0.997658852,
3422.877767583, 0.997504519,
3422.898199711, 0.997249455,
3422.918631738, 0.997102875,
3422.939063965, 0.997083925,
3422.959496091, 0.997316653,
3422.979928217, 0.997269202,
3423.000360342, 0.997159217,
3423.020792467, 0.997410316,
3423.041224492, 0.997169598,
3423.061656716, 0.997344628,
3423.082088839, 0.997221362,
3423.102520862, 0.997236942,
3423.122953085, 0.997420814,
3423.163817229, 0.997425339,
3423.184249451, 0.996943664,
3423.204681571, 0.996924891,
3423.225113592, 0.997232143,
3423.245545812, 0.997165932,
3423.265977932, 0.997292805,
3423.286409951, 0.997399073,
3423.306842170, 0.997143657,
3423.327274288, 0.997309218,
3423.347706406, 0.997560931,
3423.368138523, 0.997436526,
3423.388570640, 0.997425769,
3423.409002756, 0.997362579,
3423.429434872, 0.997340969,
3423.449866988, 0.997223964,
3423.470299103, 0.997538311,
3423.490731318, 0.997284624,
3423.511163332, 0.997277039,
3423.531595446, 0.996939316,
3423.552027659, 0.997290788,
3423.572459672, 0.997247282,
3423.592891784, 0.997263812,
3423.613323997, 0.996975096,
3423.654188119, 0.997098907,
3423.674620330, 0.997089529,
3423.695052340, 0.997176706,
3423.715484450, 0.997434755,
3423.735916660, 0.997331207,
3423.756348669, 0.997090595,
3423.776780777, 0.997048130,
3423.797212985, 0.996985940,
3423.817645093, 0.997122086,
3423.838077100, 0.997264157,
3423.858509306, 0.997138879,
3423.899373419, 0.997253261,
3423.919805624, 0.997078160,
3423.940237629, 0.997233227,
3423.960669734, 0.997131336,
3423.981101938, 0.997009490,
3424.001533942, 0.997173610,
3424.021966145, 0.997024405,
3424.042398247, 0.996991452,
3424.062830250, 0.997318808,
3424.083262452, 0.996921732,
3424.103694553, 0.996949151,
3424.124126554, 0.997984677,
3424.144558755, 0.997232806,
3424.164990855, 0.997927259,
3424.185422955, 0.997376081,
3424.205855054, 0.997043327,
3424.226287153, 0.997050774,
3424.246719251, 0.997255216,
3424.267151350, 0.997346960,
3424.287583447, 0.997260482,
3424.308015544, 0.997062518,
3424.328447741, 0.997306757,
3424.348879737, 0.997101808,
3424.389744028, 0.997243592,
3424.410176023, 0.996820708,
3424.430608118, 0.997465708,
3424.451040312, 0.996832455,
3424.471472305, 0.997067491,
3424.491904399, 0.997131158,
3424.512336592, 0.996996761,
3424.532768584, 0.996964791,
3424.553200676, 0.997047199,
3424.573632867, 0.996896927,
3424.594064858, 0.996829982,
3424.614496949, 0.997013067,
3424.634929039, 0.997115987,
3424.655361229, 0.997203183,
3424.675793218, 0.997405368,
3424.696225307, 0.997192791,
3424.716657395, 0.997200333,
3424.737089483, 0.996941494,
3424.757521671, 0.997333394,
3424.777953658, 0.996981710,
3424.798385745, 0.997121667,
3424.818817931, 0.997046973,
3424.839249917, 0.996920465,
3424.859682003, 0.997375883,
3424.880114187, 0.996920705,
3424.900546172, 0.997255129,
3424.920978256, 0.997297930,
3424.941410440, 0.997376811,
3424.961842423, 0.997461733,
3424.982274506, 0.997214869,
3425.002706688, 0.996965471,
3425.023138770, 0.997201503,
3425.043570752, 0.996990798,
3425.064002933, 0.997263954,
3425.084435014, 0.997272055,
3425.104866994, 0.997174852,
3425.125299174, 0.997039675,
3425.145731253, 0.997182806,
3425.166163232, 0.996985056,
3425.186595411, 0.996778892,
3425.207027489, 0.997350720,
3425.227459467, 0.997418855,
3425.247891644, 0.996812325,
3425.268323721, 0.997267405,
3425.288755897, 0.997241226,
3425.309187874, 0.997037489,
3425.329619949, 0.997227445,
3425.350052124, 0.997578469,
3425.370484099, 0.997006048,
3425.390916173, 0.997271268,
3425.411348347, 0.997327874,
3425.431780321, 0.997825463,
3425.452212394, 0.997190501,
3425.472644466, 0.997277891,
3425.493076538, 0.997074850,
3425.513508610, 0.996904456,
3425.533940681, 0.997082987,
3425.554372753, 0.997183038,
3425.574804823, 0.997180173,
3425.615668963, 0.997198791,
3425.636101032, 0.997188563,
3425.656533200, 0.997043898,
3425.676965169, 0.996929934,
3425.697397237, 0.997101503,
3425.717829404, 0.996836855,
3425.738261372, 0.997146704,
3425.758693438, 0.997187924,
3425.779125605, 0.996925377,
3425.799557571, 0.997032664,
3425.819989636, 0.997144075,
3425.840421801, 0.997057739,
3425.860853865, 0.997034680,
3425.881285830, 0.996796985,
3425.901717993, 0.996724956,
3425.922150057, 0.996977107,
3425.942582019, 0.997276637,
3425.963014182, 0.997474745,
3425.983446244, 0.997146282,
3426.003878206, 0.996913411,
3426.024310367, 0.997004568,
3426.044742428, 0.996989398,
3426.065174388, 0.996977807,
3426.085606548, 0.996984761,
3426.106038608, 0.997088194,
3426.126470567, 0.996890097,
3426.146902726, 0.996550250,
3426.167334784, 0.996965831,
3426.187766842, 0.996916393,
3426.208198899, 0.996935126,
3426.228630957, 0.997457332,
3426.249063013, 0.996848746,
3426.269495069, 0.996883007,
3426.289927125, 0.996699565,
3426.310359180, 0.996867486,
3426.351223290, 0.996696699,
3426.371655344, 0.996821625,
3426.392087398, 0.996669922,
3426.412519451, 0.996830008,
3426.432951404, 0.996913464,
3426.453383557, 0.996639191,
3426.473815608, 0.996464734,
3426.494247760, 0.996498741,
3426.514679711, 0.996457563,
3426.535111762, 0.996617385,
3426.555543913, 0.996485531,
3426.575975863, 0.996628025,
3426.596407912, 0.996544014,
3426.616840061, 0.996767022,
3426.637272010, 0.996864460,
3426.657704059, 0.996666215,
3426.678136206, 0.996450503,
3426.698568254, 0.996479352,
3426.719000201, 0.996433546,
3426.739432348, 0.996694510,
3426.759864394, 0.996612839,
3426.780296340, 0.996692131,
3426.800728485, 0.996469270,
3426.821160530, 0.996444174,
3426.841592475, 0.996705788,
3426.862024619, 0.996349199,
3426.882456663, 0.996422644,
3426.902888606, 0.996574240,
3426.923320749, 0.996434599,
3426.943752792, 0.996463790,
3426.964184734, 0.996461871,
3426.984616876, 0.996594543,
3427.005048917, 0.996236788,
3427.025480958, 0.996491029,
3427.045912999, 0.996466703,
3427.066345039, 0.996315688,
3427.086777078, 0.996295324,
3427.107209118, 0.996743886,
3427.127641157, 0.996571483,
3427.148073095, 0.996362949,
3427.168505233, 0.996827013,
3427.188937271, 0.996622407,
3427.209369308, 0.996253866,
3427.229801345, 0.996525731,
3427.250233381, 0.996375263,
3427.270665318, 0.996966268,
3427.291097453, 0.996584183,
3427.311529489, 0.996259371,
3427.331961423, 0.996271027,
3427.352393558, 0.996323464,
3427.372825592, 0.996185876,
3427.393257625, 0.996377591,
3427.413689658, 0.995810199,
3427.434121691, 0.995541433,
3427.454553724, 0.995077704,
3427.474985756, 0.995176036,
3427.495417787, 0.995069141,
3427.515849819, 0.995498938,
3427.536281949, 0.996196722,
3427.556713880, 0.996234634,
3427.577145910, 0.996368715,
3427.597578039, 0.996107304,
3427.618009968, 0.996698511,
3427.638441997, 0.996328906,
3427.658874126, 0.996229273,
3427.679306054, 0.996353150,
3427.699738081, 0.996383703,
3427.720170208, 0.996030788,
3427.740602135, 0.996280385,
3427.761034161, 0.996159764,
3427.781466287, 0.996530964,
3427.801898213, 0.996223621,
3427.822330338, 0.996215311,
3427.842762363, 0.996391136,
3427.863194387, 0.996345237,
3427.883626411, 0.996335059,
3427.904058434, 0.996314554,
3427.924490458, 0.996350349,
3427.944922480, 0.996145341,
3427.965354503, 0.996433148,
3427.985786425, 0.996183600,
3428.006218546, 0.996231974,
3428.026650567, 0.996257334,
3428.047082488, 0.996353526,
3428.067514608, 0.996279164,
3428.087946628, 0.996167523,
3428.108378548, 0.996513860,
3428.128810667, 0.996471596,
3428.149242686, 0.996598592,
3428.169674604, 0.996535734,
3428.190106722, 0.996500837,
3428.210538740, 0.996279007,
3428.230970757, 0.996616326,
3428.251402774, 0.996307062,
3428.271834790, 0.995994644,
3428.333130836, 0.996587926,
3428.353562851, 0.996519848,
3428.373994966, 0.996302561,
3428.394426880, 0.996503813,
3428.414858893, 0.996561872,
3428.435291007, 0.996467158,
3428.455722919, 0.996118601,
3428.476154932, 0.996364983,
3428.496587044, 0.996287795,
3428.517018955, 0.996510542,
3428.537450967, 0.996609792,
3428.557883077, 0.996494950,
3428.578314988, 0.996675657,
3428.598746998, 0.996454901,
3428.619179108, 0.996475425,
3428.639611017, 0.996594590,
3428.660043026, 0.996101287,
3428.680475134, 0.996441580,
3428.700907142, 0.996486847,
3428.721339050, 0.996376583,
3428.741771157, 0.996604545,
3428.762203164, 0.996337759,
3428.782635070, 0.996446329,
3428.803067176, 0.996443993,
3428.884795097, 0.996484131,
3428.905227101, 0.996545902,
3428.925659205, 0.996573383,
3428.946091108, 0.997179797,
3428.966523111, 0.996669281,
3428.986955214, 0.996579990,
3429.007387116, 0.996849399,
3429.027819118, 0.996565450,
3429.048251220, 0.996883646,
3429.068683220, 0.996536141,
3429.089115121, 0.996564917,
3429.109547221, 0.996871154,
3429.129979221, 0.996788058,
3429.170843220, 0.996950428,
3429.191275219, 0.996925673,
3429.211707317, 0.996927548,
3429.252571212, 0.996414356,
3429.273003310, 0.997168102,
3429.293435206, 0.996272659,
3429.313867203, 0.996463448,
3429.334299299, 0.996599914,
3429.354731194, 0.996557530,
3429.375163190, 0.996672486,
3429.395595284, 0.996382000,
3429.416027179, 0.996418109,
3429.436459173, 0.996376867,
3429.456891267, 0.996395131,
3429.477323160, 0.996525552,
3429.497755153, 0.996416204,
3429.538619237, 0.996815711,
3429.559051129, 0.996470871,
3429.579483220, 0.996804168,
3429.599915212, 0.996620011,
3429.620347102, 0.996528379,
3429.640779193, 0.996625724,
3429.661211082, 0.996661321,
3429.681643072, 0.996261083,
3429.702075161, 0.996772502,
3429.722507050, 0.996678754,
3429.742939038, 0.996595456,
3429.763371126, 0.996547284,
3429.783803013, 0.996536055,
3429.804235001, 0.996386768,
3429.824667087, 0.996573012,
3429.845098974, 0.996558139,
3429.865530960, 0.996636870,
3429.885963045, 0.996688396,
3429.906395031, 0.996522691,
3429.926826915, 0.996652443,
3429.947259000, 0.997232034,
3429.967690984, 0.996146361,
3429.988122868, 0.996083385,
3430.008554951, 0.996400319,
3430.028986934, 0.996525374,
3430.049418817, 0.996412959,
3430.069850899, 0.996586973,
3430.090282881, 0.996729370,
3430.110714763, 0.996427829,
3430.131146843, 0.996846459,
3430.151578824, 0.996452021,
3430.172010705, 0.996562282,
3430.192442785, 0.996530094,
3430.212874764, 0.996564423,
3430.233306743, 0.996760802,
3430.274170700, 0.996507618,
3430.294602678, 0.996377036,
3430.315034656, 0.996417360,
3430.335466634, 0.996432757,
3430.355898610, 0.996755972,
3430.376330687, 0.996517218,
3430.396762563, 0.996417060,
3430.417194539, 0.996439309,
3430.437626514, 0.996531873,
3430.458058490, 0.996322290,
3430.498922439, 0.996541081,
3430.519354412, 0.996708988,
3430.539786486, 0.996557783,
3430.560218359, 0.996628718,
3430.580650332, 0.996435831,
3430.601082405, 0.996864791,
3430.621514277, 0.996694598,
3430.641946248, 0.996437960,
3430.662378320, 0.996711528,
3430.682810191, 0.996622875,
3430.703242161, 0.996647118,
3430.723674232, 0.996357710,
3430.764538071, 0.996622646,
3430.784970140, 0.996526310,
3430.805402109, 0.996851986,
3430.825833977, 0.996569364,
3430.846266045, 0.996328749,
3430.866698013, 0.996627259,
3430.887129880, 0.996787504,
3430.907561947, 0.996624659,
3430.927993913, 0.996931981,
3430.948425779, 0.996700395,
3430.968857845, 1.000071204,
3431.009721675, 0.996371991,
3431.030153740, 0.996713620,
3431.050585704, 0.996797766,
3431.071017668, 0.996607985,
3431.091449632, 0.996664341,
3431.111881595, 0.997603788,
3431.132313558, 0.996818144,
3431.152745520, 0.996361582,
3431.173177483, 0.996481507,
3431.193609444, 0.996481020,
3431.214041505, 0.996857764,
3431.254905327, 0.996405209,
3431.275337287, 0.996496785,
3431.295769247, 0.996601581,
3431.316201207, 0.996295302,
3431.336633166, 0.996631236,
3431.357065124, 0.996508168,
3431.377496983, 0.996763017,
3431.397929041, 0.996685697,
3431.418360999, 0.996686095,
3431.438792856, 0.996916249,
3431.459224913, 0.996482901,
3431.479656870, 0.996597475,
3431.500088826, 0.996986914,
3431.520520781, 0.996803018,
3431.540952737, 0.996635987,
3431.561384692, 0.996426417,
3431.581816747, 0.996670510,
3431.602248601, 0.996550355,
3431.622680655, 0.996477178,
3431.643112609, 0.996647325,
3431.663544462, 0.996417920,
3431.683976515, 0.996449614,
3432.010887713, 0.996756534,
3432.031319660, 0.996689206,
3432.051751706, 0.996771485,
3432.072183552, 0.996559820,
3432.092615398, 0.996351999,
3432.113047444, 0.996609567,
3432.133479389, 0.996867765,
3432.153911333, 0.996877937,
3432.174343278, 0.996512521,
3432.194775221, 0.996580659,
3432.235639108, 0.996616143,
3432.256071051, 0.996495981,
3432.276502894, 0.996748698,
3432.296934936, 0.996576215,
3432.317366878, 0.996532242,
3432.337798819, 0.996584095,
3432.358230760, 0.996630044,
3432.378662701, 0.996867843,
3432.399094641, 0.996469925,
3432.419526681, 0.996338050,
3432.439958521, 0.996725383,
3432.460390460, 0.996650068,
3432.480822499, 0.996747396,
3432.501254338, 0.996716727,
3432.521686276, 0.996826971,
3432.542118314, 0.996991903,
3432.562550152, 0.996728527,
3432.582982089, 0.996756362,
3432.603414126, 0.996561075,
3432.623845962, 0.996559070,
3432.644277898, 0.996541121,
3432.664709934, 0.996664803,
3432.685141769, 0.996840868,
3432.726005739, 0.996906151,
3432.746437674, 0.997015027,
3432.766869607, 0.996841722,
3432.787301541, 0.996635375,
3432.807733475, 0.997085706,
3432.828165407, 0.996828031,
3432.848597340, 0.996910796,
3432.869029272, 0.996659381,
3432.889461304, 0.996637290,
3432.909893136, 0.996874240,
3432.930324967, 0.996810585,
3432.950756998, 0.996741227,
3432.971188928, 0.996779592,
3432.991620759, 0.996867975,
3433.012052788, 0.996696027,
3433.032484718, 0.996693385,
3433.073348576, 0.996873426,
3433.093780504, 0.996734282,
3433.114212332, 0.996936035,
3433.134644360, 0.996885718,
3433.155076287, 0.996643595,
3433.175508214, 0.996509350,
3433.216372068, 0.997071932,
3433.236803993, 0.996788645,
3433.257236019, 0.996912074,
3433.277667844, 0.996880029,
3433.298099769, 0.996771778,
3433.318531794, 0.996583532,
3433.338963618, 0.996644285,
3433.359395542, 0.996821203,
3433.379827566, 0.996788897,
3433.400259389, 0.996868810,
3433.461555157, 0.996735518,
3433.481987078, 0.996830018,
3433.502419100, 0.997006709,
3433.522850921, 0.996965357,
3433.543282842, 0.996581807,
3433.563714862, 0.996736588,
3433.584146782, 0.996981091,
3433.604578602, 0.996737376,
3433.625010622, 0.996958952,
3433.645442541, 0.996901116,
3433.665874359, 0.996817598,
3433.686306378, 0.996934626,
3433.706738296, 0.996852869,
3433.727170214, 0.997026792,
3433.747602131, 0.996780037,
3433.768033948, 0.996456261,
3433.788465965, 0.996901605,
3433.808897881, 0.996763766,
3433.829329697, 0.996990387,
3433.849761713, 0.996628645,
3433.870193628, 0.996911753,
3433.890625443, 0.996834322,
3433.911057458, 0.996987914,
3433.931489372, 0.996724802,
3433.951921186, 0.996836372,
3433.972353200, 0.996866281,
3433.992785113, 0.996609370,
3434.013217026, 0.997112936,
3434.033648939, 0.997009931,
3434.054080851, 0.996538719,
3434.074512763, 0.996643781,
3434.094944775, 0.997214798,
3434.115376586, 0.997027112,
3434.135808497, 0.996767992,
3434.156240507, 0.996520597,
3434.197104228, 0.996823184,
3434.217536237, 0.996684545,
3434.237968046, 0.996753585,
3434.258399955, 0.996957120,
3434.278831964, 0.996757930,
3434.299263772, 0.996813010,
3434.319695680, 0.996851894,
3434.340127688, 0.996918155,
3434.360559495, 0.996683262,
3434.380991402, 0.996760788,
3434.401423408, 0.996784738,
3434.421855315, 0.997121338,
3434.442287121, 0.997243612,
3434.462719126, 0.996859709,
3434.483151031, 0.996919302,
3434.503582836, 0.996709079,
3434.524014841, 0.996856050,
3434.544446745, 0.997030875,
3434.564878549, 0.996883403,
3434.585310553, 0.997225979,
3434.605742356, 0.996601834,
3434.626174259, 0.997296120,
3434.646606261, 0.996908994,
3434.687470065, 0.996754090,
3434.707901967, 0.997028154,
3434.728333768, 0.997177276,
3434.748765769, 0.997111504,
3434.769197670, 0.996885705,
3434.789629470, 0.997208740,
3434.810061470, 0.996842176,
3434.830493369, 0.997103884,
3434.850925269, 0.997075443,
3434.871357168, 0.996923782,
3434.891789066, 0.997486159,
3434.912220964, 0.996706511,
3434.932652962, 0.996796524,
3434.953084760, 0.997178634,
3434.973516657, 0.997108865,
3434.993948654, 0.996986160,
3435.014380451, 0.997247276,
3435.034812347, 0.996931346,
3435.055244343, 0.996889707,
3435.075676139, 0.997425013,
3435.096108034, 0.996874323,
3435.116540029, 0.996936929,
3435.136971824, 0.996815260,
3435.177835712, 0.997303540,
3435.198267506, 0.997245904,
3435.218699399, 0.996916394,
3435.239131392, 0.997206026,
3435.259563285, 0.996961260,
3435.279995077, 0.997362537,
3435.300427069, 0.997039515,
3435.320858961, 0.997282137,
3435.341290752, 0.996759839,
3435.361722743, 0.996954226,
3435.382154534, 0.997024864,
3435.402586425, 0.997565586,
3435.423018415, 0.997057904,
3435.443450204, 0.996963444,
3435.463882094, 0.997101996,
3435.484314083, 0.997058675,
3435.504745872, 0.997140737,
3435.525177760, 0.997277077,
3435.545609749, 0.997180557,
3435.566041536, 0.996933522,
3435.586473524, 0.997308019,
3435.606905411, 0.997284284,
3435.627337198, 0.996921747,
3435.647769184, 0.997176418,
3435.668201071, 0.997159910,
3435.688632957, 0.997159571,
3435.709064842, 0.997318059,
3435.729496727, 0.997063565,
3435.749928612, 0.997266286,
3435.790792381, 0.997229439,
3435.811224265, 0.997396225,
3435.831656249, 0.997199310,
3435.852088032, 0.997464967,
3435.872519915, 0.997057377,
3435.913383680, 0.997099905,
3435.933815562, 0.997155026,
3435.954247544, 0.997339478,
3435.974679325, 0.996998649,
3435.995111207, 0.996760978,
3436.015543188, 0.997337009,
3436.035974968, 0.997263641,
3436.056406848, 0.997604541,
3436.076838828, 0.996919446,
3436.097270707, 0.997521998,
3436.117702487, 0.997140940,
3436.158566344, 0.997077115,
3436.178998122, 0.997016822,
3436.199430100, 0.997015686,
3436.219861878, 0.996884802,
3436.240293755, 0.997230925,
3436.260725732, 0.997119297,
3436.281157509, 0.996659660,
3436.301589385, 0.996062407,
3436.322021361, 0.996230839,
3436.342453137, 0.996046079,
3436.362885013, 0.996250762,
3436.403748762, 0.997366515,
3436.424180737, 0.997076318,
3436.444612611, 0.997624030,
3436.465044385, 0.997232883,
3436.485476358, 0.997241573,
3436.505908231, 0.996931868,
3436.526340105, 0.997301247,
3436.546771977, 0.997079903,
3436.567203849, 1.000580286,
3436.587635721, 0.997312423,
3436.608067693, 0.997072236,
3436.648931335, 0.997209232,
3436.669363306, 0.997438826,
3436.689795076, 0.997362264,
3436.710226947, 0.997520713,
3436.730658916, 1.001154050,
3436.751090686, 0.997329552,
3436.771522555, 0.997565156,
3436.791954524, 0.997356471,
3436.812386292, 0.997361871,
3436.832818161, 0.997232964,
3436.853250129, 0.997228833,
3436.873681896, 0.997336519,
3436.894113763, 0.997135789,
3436.914545730, 0.997377651,
3436.934977597, 0.997542267,
3436.955409364, 0.997112411,
3436.975841330, 0.997500857,
3436.996273195, 0.996910870,
3437.016704961, 0.997267305,
3437.037136926, 0.997095562,
3437.057568691, 0.997137996,
3437.078000555, 0.997288778,
3437.098432520, 0.996810023,
3437.139296147, 0.997109290,
3437.159728111, 0.997382597,
3437.180159874, 0.997307868,
3437.200591736, 0.997147701,
3437.221023699, 0.996915769,
3437.241455461, 0.997805521,
3437.261887423, 0.997242220,
3437.282319284, 0.997268894,
3437.302751045, 0.997275619,
3437.323183006, 0.997034753,
3437.343614867, 0.997118591,
3437.384478587, 0.997275899,
3437.404910447, 0.997307802,
3437.425342306, 0.997544532,
3437.445774265, 0.997079910,
3437.466206024, 0.997669985,
3437.486637882, 0.997176422,
3437.507069840, 0.997750604,
3437.527501598, 0.997219955,
3437.547933456, 0.997875738,
3437.568365413, 0.997380619,
3437.588797170, 0.997177225,
3437.629660983, 0.997494254,
3437.650092739, 0.997214063,
3437.670524595, 0.997295432,
3437.690956550, 0.997496647,
3437.711388305, 0.997616749,
3437.731820160, 0.997515291,
3437.752252115, 0.997404938,
3437.772683869, 0.997442156,
3437.793115723, 0.997500683,
3437.813547676, 0.997144120,
3437.833979530, 0.997322740,
3437.854411283, 0.997434691,
3437.874843235, 0.997395247,
3437.895274988, 0.997243994,
3437.915706840, 0.997488467,
3437.936138792, 0.997216009,
3437.956570544, 0.997518995,
3437.977002395, 0.997395200,
3437.997434346, 0.997393686,
3438.017866096, 0.997602249,
3438.038297947, 0.997661312,
3438.058729897, 0.997277198,
3438.079161647, 0.997292824,
3438.120025445, 0.997405825,
3438.140457194, 0.997343736,
3438.160889143, 0.997575136,
3438.181320991, 0.997449611,
3438.201752839, 0.997308373,
3438.222184686, 0.997490711,
3438.242616534, 0.997258358,
3438.263048381, 0.998856299,
3438.283480328, 0.997513950,
3438.303912074, 0.997667114,
3438.324343921, 0.997588136,
3438.344775866, 0.997726548,
3438.365207612, 0.997381553,
3438.385639457, 0.997241638,
3438.406071403, 0.997646424,
3438.426503147, 0.997624342,
3438.446934992, 0.997694534,
3438.467366936, 0.997605200,
3438.487798680, 0.997500605,
3438.508230523, 0.998732037,
3438.528662467, 0.997692704,
3438.549094210, 0.997827564,
3438.569526052, 0.997490165,
3438.610389737, 0.997526442,
3438.630821579, 1.000073331,
3438.651253520, 0.997558165,
3438.671685262, 0.997489900,
3438.692117103, 0.997529175,
3438.712549043, 0.997629570,
3438.732980784, 0.997373060,
3438.753412624, 0.997673619,
3438.773844563, 0.997998243,
3438.794276303, 0.997514955,
3438.814708142, 0.997832949,
3438.835140081, 0.997827583,
3438.855571820, 0.997751479,
3438.876003658, 0.997437526,
3438.896435596, 0.997473661,
3438.916867334, 0.997644240,
3438.937299272, 0.997575455,
3438.957731109, 0.997504681,
3438.978162846, 0.997763195,
3438.998594782, 0.997697359,
3439.019026619, 0.997806695,
3439.039458455, 0.997775940,
3439.059890291, 0.997740400,
3439.100753961, 0.997587309,
3439.121185896, 0.997390800,
3439.141617631, 0.997813570,
3439.162049465, 0.997792515,
3439.182481399, 0.997630722,
3439.202913133, 0.997634677,
3439.223344967, 0.997688046,
3439.243776900, 0.997741475,
3439.264208633, 0.997757423,
3439.284640466, 0.997420817,
3439.305072398, 0.997479011,
3439.345935962, 0.998163005,
3439.366367793, 0.997789725,
3439.386799625, 1.007570174,
3439.407231455, 0.997764257,
3439.427663386, 0.998024281,
3439.448095116, 0.997784836,
3439.468526947, 0.997694715,
3439.488958877, 0.997847726,
3439.509390606, 0.997981335,
3439.529822435, 0.997636466,
3439.550254364, 0.998005828,
3439.570686093, 0.997853767,
3439.591117921, 0.997877378,
3439.611549849, 0.997270160,
3439.631981577, 0.997851539,
3439.652413405, 0.997682377,
3439.672845332, 0.997622130,
3439.693277059, 0.998317257,
3439.713708986, 0.997702720,
3439.734140813, 0.998091144,
3439.754572539, 0.997734662,
3439.775004464, 0.997681302,
3439.795436290, 0.998102680,
3439.836299941, 0.997702192,
3439.856731765, 0.997805785,
3439.877163590, 0.997759951,
3439.897595414, 0.997763282,
3439.918027238, 0.998054821,
3439.938459062, 0.997500593,
3439.958890985, 0.997585344,
3439.979322708, 0.997664610,
3439.999754531, 0.997918226,
3440.020186454, 0.998101827,
3440.040618176, 0.997689312,
3440.081481920, 0.997847713,
3440.101913641, 0.997710057,
3440.122345463, 0.997683608,
3440.142777384, 0.997552480,
3440.163209104, 0.998128470,
3440.183640924, 0.998281709,
3440.204072745, 0.997647703,
3440.224504564, 0.997580509,
3440.244936384, 0.997578858,
3440.265368203, 0.998024777,
3440.285800022, 0.997831798,
3440.306231841, 0.997983092,
3440.326663759, 0.997866123,
3440.347095478, 0.997887812,
3440.367527296, 0.997961797,
3440.387959213, 0.997979475,
3440.408390931, 0.997816527,
3440.428822748, 0.998003208,
3440.449254665, 0.997984715,
3440.469686381, 0.997887984,
3440.490118297, 0.998015815,
3440.510550113, 0.997913725,
3440.530981829, 0.997992327,
3440.571845560, 0.997974313,
3440.592277275, 0.998166825,
3440.612709190, 0.997977127,
3440.653572718, 0.997984619,
3440.674004632, 0.997903052,
3440.694436446, 1.000830084,
3440.714868259, 0.998347188,
3440.735300072, 0.998111686,
3440.755731885, 0.998166214,
3440.776163697, 0.997828051,
3440.796595610, 0.998041160,
3440.817027321, 0.997801450,
3440.837459133, 0.997988547,
3440.857891045, 0.997762238,
3440.878322756, 0.997891193,
3440.898754567, 0.998116946,
3440.919186477, 0.998077238,
3440.939618188, 0.998462983,
3440.960049998, 0.998531070,
3440.980481908, 0.998182472,
3441.000913617, 0.998271992,
3441.021345427, 0.998066591,
3441.062209044, 0.998061285,
3441.082640853, 0.998092132,
3441.103072661, 0.998138806,
3441.123504469, 0.997905151,
3441.143936277, 0.998006577,
3441.164368184, 0.998049595,
3441.184799892, 0.998231088,
3441.205231799, 0.998162967,
3441.225663605, 0.997910573,
3441.246095312, 0.998295897,
3441.266527218, 0.998232166,
3441.286959024, 0.998198689,
3441.307390729, 0.997893061,
3441.327822635, 0.998058852,
3441.348254440, 0.998293249,
3441.368686145, 0.998199855,
3441.389118049, 0.997917194,
3441.409549854, 0.997751587,
3441.429981558, 0.998277457,
3441.450413461, 0.997977442,
3441.470845265, 0.998260778,
3441.491276968, 0.997857023,
3441.511708871, 0.997941654,
3441.532140674, 0.998072627,
3441.552572477, 0.997965218,
3441.573004279, 0.998763709,
3441.593436081, 0.998164944,
3441.613867883, 0.998085526,
3441.634299784, 0.998079575,
3441.654731485, 0.998057794,
3441.675163286, 0.997877169,
3441.695595187, 0.997509041,
3441.716026887, 0.998215587,
3441.736458687, 0.998337129,
3441.756890587, 0.998187651,
3441.797754086, 0.998274090,
3441.818185985, 0.998120737,
3441.838617684, 0.998283052,
3441.859049483, 0.998179021,
3441.879481281, 0.998345114,
3441.899913080, 0.998481834,
3441.920344977, 0.998331888,
3441.940776675, 0.998287345,
3441.961208472, 0.998334272,
3441.981640369, 0.998360102,
3442.002072166, 0.998568861,
3442.042935759, 0.998549560,
3442.063367555, 0.998058753,
3442.083799251, 0.998203393,
3442.104231147, 0.998536883,
3442.124662942, 0.998187717,
3442.165526532, 0.998155781,
3442.185958326, 0.998588166,
3442.206390021, 0.998350378,
3442.226821915, 0.998261126,
3442.247253709, 0.998504805,
3442.267685402, 0.998355621,
3442.288117295, 0.998415972,
3442.308549088, 0.998613728,
3442.328980781, 0.998311554,
3442.349412674, 0.998484992,
3442.369844466, 0.998421724,
3442.390276258, 0.998386153,
3442.410708050, 0.998457776,
3442.431139841, 0.998607338,
3442.451571633, 0.998582202,
3442.472003524, 0.998204572,
3442.492435215, 0.998572917,
3442.512867005, 0.998436914,
3442.533298895, 0.998435604,
3442.553730585, 0.998275484,
3442.574162375, 0.998300485,
3442.594594265, 0.998537041,
3442.635457843, 0.998502065,
3442.655889632, 0.998270906,
3442.676321320, 0.998576792,
3442.696753209, 0.998334731,
3442.717184897, 0.998919909,
3442.737616684, 0.998511210,
3442.778480259, 0.999047202,
3442.798912046, 0.998584892,
3442.819343933, 0.998786749,
3442.839775720, 0.998618689,
3442.860207406, 0.998551104,
3442.880639292, 0.998536005,
3442.901071078, 0.998530872,
3442.921502764, 0.998584790,
3442.941934649, 0.998562478,
3442.962366434, 0.998555126,
3442.982798119, 0.998859220,
3443.003230004, 0.998583511,
3443.023661788, 0.998492003,
3443.044093472, 0.998740312,
3443.064525356, 0.998682831,
3443.084957140, 0.998414612,
3443.105388823, 0.998586099,
3443.125820706, 0.998581398,
3443.146252489, 0.998614975,
3443.166684172, 0.998455436,
3443.187116054, 0.998169512,
3443.207547836, 0.998597702,
3443.227979618, 0.998622689,
3443.248411400, 0.998415515,
3443.268843182, 0.998258583,
3443.289275063, 0.998396745,
3443.309706844, 0.998387437,
3443.330138524, 0.998825799,
3443.350570405, 0.998460268,
3443.371002185, 0.998779467,
3443.391433865, 0.998404186,
3443.411865745, 0.998323364,
3443.432297525, 0.998508953,
3443.452729204, 0.998672281,
3443.473161083, 0.998686461,
3443.514024540, 0.998469857,
3443.534456419, 0.998673312,
3443.554888097, 0.998616776,
3443.575319874, 0.998415022,
3443.595751752, 0.998824894,
3443.616183430, 0.998655316,
3443.636615207, 0.998641272,
3443.657047084, 0.998646975,
3443.677478860, 0.998635782,
3443.697910537, 0.998648904,
3443.718342413, 0.998432163,
3443.738774189, 0.998628026,
3443.759205865, 0.998591533,
3443.779637740, 0.999083300,
3443.800069515, 0.998597126,
3443.820501190, 0.998673281,
3443.840933065, 0.998691895,
3443.861364840, 0.999010688,
3443.881796514, 0.998949588,
3443.902228388, 0.998644906,
3443.922660162, 0.998738766,
3443.943091836, 0.998468158,
3443.963523709, 0.998776986,
3444.004387355, 0.998703551,
3444.024819028, 0.998534366,
3444.045250800, 0.998450710,
3444.065682672, 0.998480680,
3444.086114344, 0.998788560,
3444.106546116, 0.999396346,
3444.126977988, 0.998424549,
3444.147409759, 0.998744173,
3444.167841430, 0.998960239,
3444.188273301, 0.998805636,
3444.208705071, 0.998672229,
3444.229136742, 0.998790746,
3444.249568612, 0.998811586,
3444.270000382, 0.998827159,
3444.290432052, 0.998794377,
3444.310863921, 0.998810051,
3444.331295590, 0.998650076,
3444.351727359, 0.998831134,
3444.372159228, 0.998661947,
3444.392590896, 0.998946539,
3444.413022665, 0.998892035,
3444.433454533, 0.998927721,
3444.453886200, 0.998760363,
3444.474317968, 0.998992703,
3444.515181603, 0.998990205,
3444.535613270, 0.998945160,
3444.576476903, 0.998651563,
3444.596908569, 0.998995370,
3444.617340435, 0.998877665,
3444.637772201, 0.998885183,
3444.658204066, 0.999228517,
3444.678635732, 0.998570607,
3444.699067497, 0.999175033,
3444.739931026, 0.998752471,
3444.760362791, 0.998636488,
3444.780794655, 0.998909415,
3444.801226319, 0.998986291,
3444.821658083, 0.999041852,
3444.842089946, 0.999078672,
3444.862521610, 0.999497303,
3444.882953373, 0.998575300,
3444.903385235, 0.999010082,
3444.923816898, 0.999071026,
3444.944248660, 0.999382882,
3444.964680523, 0.998959536,
3444.985112285, 0.998902893,
3445.005543946, 0.998997138,
3445.025975808, 0.999025616,
3445.046407569, 0.999023025,
3445.066839230, 0.999161962,
3445.087271091, 0.998842660,
3445.107702852, 0.998949348,
3445.128134512, 0.998993045,
3445.148566372, 0.998328867,
3445.168998032, 0.998485904,
3445.189429792, 0.997539331,
3445.209861652, 0.997703833,
3445.230293311, 0.997713049,
3445.250725070, 0.998500070,
3445.271156929, 0.998930649,
3445.291588587, 0.998857686,
3445.312020446, 0.998837737,
3445.332452204, 0.999139631,
3445.352883962, 0.999093730,
3445.373315720, 0.998959316,
3445.393747477, 0.998943048,
3445.414179235, 0.998947448,
3445.434610992, 0.999498328,
3445.455042749, 0.999249904,
3445.475474505, 0.999056323,
3445.495906362, 0.999070340,
3445.516338018, 0.999167334,
3445.536769774, 0.999217210,
3445.557201630, 0.999421672,
3445.577633286, 0.999254409,
3445.598065041, 0.999485916,
3445.618496896, 0.999189973,
3445.638928551, 0.999143574,
3445.659360306, 0.999241364,
3445.679792160, 0.999421756,
3445.720655569, 0.999512365,
3445.741087422, 0.999151856,
3445.761519076, 0.999288793,
3445.781950830, 0.998970795,
3445.802382683, 0.999292316,
3445.822814436, 0.999333899,
3445.843246089, 0.999250859,
3445.863677941, 0.999474796,
3445.884109594, 0.999330153,
3445.904541446, 0.998880329,
3445.924973198, 0.999210359,
3445.965836701, 0.999049486,
3445.986268452, 0.998976087,
3446.006700103, 0.999187987,
3446.027131954, 0.999270806,
3446.047563705, 0.998975622,
3446.067995355, 0.999372476,
3446.088427205, 0.998951976,
3446.108858956, 0.999388819,
3446.129290605, 0.999184330,
3446.149722455, 0.999424041,
3446.170154204, 0.999165509,
3446.190585953, 0.999317254,
3446.211017702, 0.999135775,
3446.231449451, 0.999092790,
3446.251881200, 0.999078667,
3446.272312948, 0.999217866,
3446.292744696, 0.999425991,
3446.313176444, 0.999343468,
3446.333608292, 0.999601034,
3446.354039940, 0.999166134,
3446.374471687, 0.999704080,
3446.394903534, 0.999481416,
3446.415335181, 0.999435531,
3446.435766928, 0.999220215,
3446.456198774, 0.999748667,
3446.476630420, 0.999437140,
3446.497062267, 0.999620352,
3446.517494012, 1.000043235,
3446.537925658, 0.999240582,
3446.558357504, 0.999455268,
3446.578789249, 0.999170143,
3446.599220894, 0.999428970,
3446.619652739, 0.999479541,
3446.640084483, 0.999348831,
3446.701379716, 0.999380319,
3446.721811360, 0.999444691,
3446.742243203, 0.999510143,
3446.762674947, 0.999793244,
3446.783106590, 0.999414423,
3446.803538433, 0.999641653,
3446.823970176, 0.999550754,
3446.844401818, 0.999345988,
3446.864833661, 0.999429679,
3446.885265403, 0.999973625,
3446.905697045, 0.999609970,
3446.926128886, 0.999564628,
3446.966992270, 0.999503164,
3447.007855852, 0.999491948,
3447.028287592, 0.999935088,
3447.048719333, 1.000364452,
3447.069151073, 0.999512885,
3447.089582914, 0.999763095,
3447.110014553, 0.999611156,
3447.130446293, 0.999733386,
3447.150878133, 0.999249485,
3447.171309872, 0.999316654,
3447.191741511, 0.999459923,
3447.212173350, 0.999257648,
3447.232605089, 0.999498777,
3447.253036728, 0.999198744,
3447.273468566, 0.999551138,
3447.293900304, 1.004274834,
3447.314331942, 0.999410473,
3447.334763780, 0.999574165,
3447.355195518, 0.999373290,
3447.375627155, 0.999864909,
3447.396058992, 0.999500039,
3447.416490729, 0.999751488,
3447.436922366, 1.000223850,
3447.457354203, 0.999568884,
3447.477785839, 0.999632925,
3447.498217675, 0.999621322,
3447.518649411, 0.999717004,
3447.539081147, 0.999542136,
3447.559512783, 0.999682939,
3447.579944618, 0.999820839,
3447.600376353, 0.999605272,
3447.620808088, 0.999699309,
3447.641239823, 0.999626977,
3447.682103292, 0.999557068,
3447.702535026, 0.999682932,
3447.722966761, 0.999503576,
3447.743398594, 0.999768464,
3447.763830228, 0.999824615,
3447.784261962, 0.999623481,
3447.804693795, 1.000130892,
3447.825125428, 0.999849242,
3447.845557161, 0.999735295,
3447.865988994, 0.999931571,
3447.886420626, 0.999743195,
3447.927284191, 0.999517800,
3447.947715823, 0.999704779,
3447.968147554, 0.999957499,
3447.988579386, 0.999647710,
3448.009011117, 0.999866177,
3448.029442748, 0.999997612,
3448.049874580, 0.999746431,
3448.070306310, 0.999775811,
3448.090737941, 0.999866389,
3448.111169771, 0.999763416,
3448.131601502, 1.000062989,
3448.152033132, 1.000109276,
3448.172464962, 0.999826493,
3448.192896691, 0.999709155,
3448.213328521, 1.000069635,
3448.233760150, 1.000058780,
3448.254191879, 1.000137682,
3448.274623608, 0.999866098,
3448.295055337, 0.999772256,
3448.315486966, 0.999685025,
3448.335918794, 1.000200463,
3448.356350522, 0.999676890,
3448.376782150, 0.999975383,
3448.417645705, 0.999768246,
3448.438077433, 0.999892968,
3448.458509160, 1.000028486,
3448.478940887, 0.999791321,
3448.499372614, 1.000029240,
3448.519804341, 1.000204375,
3448.540236067, 1.000161272,
3448.560667794, 1.000326067,
3448.581099620, 0.999935244,
3448.601531246, 1.000247770,
3448.621962971, 0.999997033,
3448.642394797, 0.999915716,
3448.662826422, 0.999789638,
3448.683258148, 1.000075069,
3448.703689973, 1.000338970,
3448.724121597, 1.000068910,
3448.744553422, 0.999941425,
3448.764985147, 0.999990555,
3448.785416771, 1.000095573,
3448.805848595, 1.000386379,
3448.826280319, 1.000004460,
3448.846712043, 0.999955757,
3448.867143766, 1.000177335,
3448.908007213, 1.000505321,
3448.928438936, 1.000016424,
3448.948870659, 1.000238233,
3448.969302382, 1.000304507,
3448.989734104, 1.000186385,
3449.010165826, 1.000018249,
3449.030597548, 1.000104283,
3449.051029270, 1.000135514,
3449.071460992, 0.999905168,
3449.091892714, 1.000160201,
3449.112324435, 1.000125706,
3449.132756157, 1.000150218,
3449.153187778, 1.000091849,
3449.173619599, 1.000220018,
3449.194051319, 1.000323307,
3449.214482940, 0.999894370,
3449.234914760, 1.000400068,
3449.255346480, 1.000293175,
3449.275778300, 1.000424829,
3449.296209920, 1.000191363,
3449.316641640, 0.999859269,
3449.337073459, 1.000330795,
3449.357505079, 1.000406529,
3449.377936798, 1.000211669,
3449.398368617, 1.000283522,
3449.418800336, 1.000171331,
3449.439231954, 1.000710108,
3449.459663773, 1.000284483,
3449.480095491, 1.000394709,
3449.500527109, 1.000503700,
3449.520958927, 1.000180275,
3449.541390644, 1.000245559,
3449.561822262, 0.999999727,
3449.582254080, 1.000398456,
3449.602685797, 1.000490165,
3449.623117414, 1.000133737,
3449.643549231, 1.000321945,
3449.663980947, 1.000500167,
3449.684412664, 1.000373582,
3449.704844380, 1.000372784,
3449.725276096, 1.000530912,
3449.745707812, 1.000528519,
3449.766139528, 1.000353761,
3449.786571244, 1.000402990,
3449.807003059, 1.000455559,
3449.827434674, 1.000513655,
3449.847866390, 1.000602457,
3449.888729819, 1.000425687,
3449.909161534, 1.000072239,
3449.929593349, 1.000344234,
3449.950024963, 1.000429841,
3449.970456677, 1.000412263,
3449.990888491, 1.000303803,
3450.011320105, 1.000504946,
3450.031751818, 1.000429484,
3450.052183632, 1.000359923,
3450.072615245, 1.000449207,
3450.093046958, 1.000163133,
3450.113478771, 1.000458693,
3450.133910384, 1.000457757,
3450.154342097, 1.000219827,
3450.174773909, 1.000565721,
3450.195205521, 1.000676930,
3450.215637233, 1.000708236,
3450.236069045, 1.000622582,
3450.256500757, 1.000132933,
3450.297364180, 1.000517202,
3450.317795891, 1.000420200,
3450.338227603, 1.000509105,
3450.379091024, 1.000631440,
3450.399522835, 1.000453426,
3450.419954446, 1.000536993,
3450.440386156, 1.000406849,
3450.460817966, 1.000697506,
3450.481249576, 1.001118975,
3450.501681286, 1.000628863,
3450.522113095, 1.000588153,
3450.542544705, 1.000448052,
3450.562976414, 1.000633268,
3450.583408223, 1.000617323,
3450.603839832, 1.000625673,
3450.624271541, 1.000927735,
3450.644703250, 1.000551116,
3450.665134958, 1.000775813,
3450.685566667, 1.000550534,
3450.705998475, 1.000697069,
3450.726430083, 1.000562608,
3450.746861791, 1.000719443,
3450.767293598, 1.000694764,
3450.787725206, 1.000466469,
3450.808157013, 1.000391025,
3450.828588721, 1.000519247,
3450.849020328, 1.000530903,
3450.869452134, 1.000716390,
3450.889883841, 1.000861466,
3450.910315448, 1.000892582,
3450.930747254, 1.000511500,
3450.951178961, 1.000594179,
3450.971610567, 1.001047064,
3450.992042373, 1.000737779,
3451.012474078, 1.001027780,
3451.032905684, 1.000860178,
3451.053337489, 1.001044706,
3451.073769195, 1.000533277,
3451.094200900, 1.000901102,
3451.114632605, 1.000640536,
3451.135064310, 1.000792458,
3451.155496015, 1.000923302,
3451.175927719, 1.000549370,
3451.196359423, 1.000929822,
3451.216791128, 1.000803828,
3451.237222932, 1.000873099,
3451.257654536, 1.000733196,
3451.278086239, 1.000898132,
3451.298518043, 1.000978108,
3451.318949646, 1.001035477,
3451.339381450, 1.000731743,
3451.359813153, 1.000717030,
3451.380244756, 1.001032953,
3451.400676559, 1.000933380,
3451.421108261, 1.001064458,
3451.441539864, 1.001160566,
3451.461971666, 1.001017681,
3451.482403269, 1.000707575,
3451.502834971, 1.001028924,
3451.523266773, 1.001289186,
3451.543698374, 1.000435065,
3451.564130076, 1.000870194,
3451.604993579, 1.000843664,
3451.625425180, 1.001003477,
3451.645856981, 1.000619733,
3451.666288682, 1.001002091,
3451.686720282, 1.000903492,
3451.707152083, 1.001194998,
3451.727583783, 1.000848087,
3451.748015384, 1.000821350,
3451.768447184, 1.000921589,
3451.788878884, 1.001093483,
3451.809310684, 1.001056531,
3451.850173983, 1.001079393,
3451.870605782, 1.001761865,
3451.891037381, 1.001029134,
3451.911469080, 1.001143499,
3451.931900879, 1.001378726,
3451.952332478, 1.000903922,
3451.972764176, 1.001064733,
3451.993195975, 1.000842419,
3452.013627573, 1.001070129,
3452.034059271, 1.000893443,
3452.054491070, 1.000927063,
3452.074922767, 1.001091740,
3452.115786163, 1.001234767,
3452.136217860, 1.000851150,
3452.156649458, 1.001202265,
3452.177081255, 1.001025017,
3452.197512952, 1.001510785,
3452.217944549, 1.001036491,
3452.238376345, 1.001091581,
3452.258808042, 1.001135684,
3452.279239738, 1.001268376,
3452.299671435, 1.001160978,
3452.340534827, 1.001577279,
3452.360966522, 1.001141502,
3452.381398118, 1.001286866,
3452.401829914, 1.001252167,
3452.422261609, 1.001348223,
3452.442693305, 1.001446453,
3452.463125000, 1.001378535,
3452.503988389, 1.001347580,
3452.524420084, 1.001269045,
3452.544851779, 1.001146065,
3452.565283473, 1.001197439,
3452.585715268, 1.001489427,
3452.606146862, 1.001494593,
3452.626578556, 1.001311672,
3452.647010350, 1.001350134,
3452.667441943, 1.001267724,
3452.687873637, 1.001478350,
3452.708305430, 1.001508429,
3452.728737024, 1.001364020,
3452.749168817, 1.001149111,
3452.769600510, 1.001605258,
3452.790032103, 1.001451975,
3452.810463896, 1.001631556,
3452.830895588, 1.001531955,
3452.851327181, 1.001447111,
3452.871758973, 1.001360673,
3452.892190665, 1.001570498,
3452.912622357, 1.001234782,
3452.933054049, 1.001276480,
3452.953485741, 1.001720501,
3452.973917433, 1.001421987,
3452.994349124, 1.001420785,
3453.014780816, 1.001358203,
3453.035212507, 1.001506299,
3453.055644198, 1.001486999,
3453.076075889, 1.002059064,
3453.096507580, 1.001085818,
3453.116939270, 1.001702446,
3453.137370961, 1.001547403,
3453.157802751, 1.001218149,
3453.178234342, 1.001799264,
3453.198666032, 1.001509802,
3453.219097822, 1.001377837,
3453.239529412, 1.001271933,
3453.259961102, 1.001365644,
3453.280392891, 1.001368967,
3453.321256170, 1.001542314,
3453.341687960, 1.001671432,
3453.362119548, 1.001522307,
3453.382551238, 1.001645132,
3453.402983026, 1.001302839,
3453.423414715, 1.001515152,
3453.443846304, 1.001684045,
3453.464278092, 1.001636754,
3453.484709780, 1.001748605,
3453.505141369, 1.001646194,
3453.525573157, 1.001580590,
3453.546004845, 1.001624032,
3453.566436432, 1.001623882,
3453.586868220, 1.001399714,
3453.607299908, 1.001712241,
3453.627731695, 1.001917826,
3453.648163282, 1.001677734,
3453.668594969, 1.001576911,
3453.689026756, 1.001571944,
3453.709458343, 1.001726590,
3453.729890030, 1.001707984,
3453.750321817, 1.001793089,
3453.770753403, 1.001728242,
3453.811616776, 1.001834108,
3453.832048462, 1.002281032,
3453.852480148, 1.001910986,
3453.872911834, 1.001792620,
3453.893343520, 1.001669781,
3453.913775205, 1.001639237,
3453.934206991, 1.001797284,
3453.954638576, 1.001708015,
3453.975070261, 1.001610800,
3453.995502046, 1.001478435,
3454.015933631, 1.000996954,
3454.036365316, 1.000706805,
3454.056797101, 1.000488806,
3454.077228685, 1.000471021,
3454.097660470, 1.001845513,
3454.118092154, 1.000664320,
3454.138523739, 1.001987402,
3454.158955523, 1.001633488,
3454.179387207, 1.001679439,
3454.199818790, 1.001762948,
3454.240682258, 1.002134453,
3454.261113941, 1.001921367,
3454.281545625, 1.002313292,
3454.301977308, 1.001784913,
3454.322408991, 1.001958779,
3454.342840674, 1.001854717,
3454.363272357, 1.001914394,
3454.383704040, 1.001608071,
3454.404135822, 1.001733407,
3454.424567405, 1.002020305,
3454.444999087, 1.002408197,
3454.465430870, 1.002164979,
3454.485862452, 1.001975931,
3454.506294134, 1.002001789,
3454.547157498, 1.002050894,
3454.567589279, 1.001996082,
3454.588020961, 1.002220354,
3454.608452542, 1.001798964,
3454.628884323, 1.002094197,
3454.649315905, 1.002254933,
3454.669747586, 1.002180327,
3454.690179367, 1.001990218,
3454.710610948, 1.002046132,
3454.731042628, 1.002107045,
3454.751474409, 1.002104461,
3454.771906089, 1.002013811,
3454.792337670, 1.001967142,
3454.812769450, 1.001802083,
3454.833201130, 1.002169942,
3454.853632710, 1.002456686,
3454.874064490, 1.002285380,
3454.894496170, 1.002129153,
3454.914927750, 1.001769173,
3454.935359529, 1.002656365,
3454.955791209, 1.002436368,
3454.976222988, 1.002159841,
3454.996654567, 1.002123150,
3455.017086246, 1.002116354,
3455.037518025, 1.001986353,
3455.057949604, 1.002198052,
3455.078381283, 1.002385868,
3455.098813062, 1.002428553,
3455.119244640, 1.004005734,
3455.139676319, 1.002238529,
3455.160108097, 1.002308061,
3455.180539675, 1.002275786,
3455.200971353, 1.002404462,
3455.221403131, 1.002585439,
3455.241834809, 1.002371794,
3455.282698164, 1.002261000,
3455.303129842, 1.002294840,
3455.323561419, 1.001947772,
3455.343993197, 1.001997815,
3455.364424874, 1.002496641,
3455.384856451, 1.002419575,
3455.405288228, 1.002102087,
3455.425719905, 1.002192745,
3455.446151582, 1.002233613,
3455.466583258, 1.002459450,
3455.487014835, 1.002323025,
3455.507446611, 1.002350758,
3455.527878287, 1.002267477,
3455.548309864, 1.002665466,
3455.568741640, 1.002284071,
3455.589173316, 1.002441871,
3455.609604992, 1.002167736,
3455.630036667, 1.002397154,
3455.650468343, 1.002358748,
3455.670900019, 1.002598720,
3455.691331694, 1.002460508,
3455.711763369, 1.002309374,
3455.732195045, 1.002246307,
3455.773058395, 1.002262408,
3455.793490070, 1.002265089,
3455.813921845, 1.002358779,
3455.834353419, 1.002338262,
3455.854785194, 1.002256245,
3455.875216868, 1.002326484,
3455.895648443, 1.002417264,
3455.916080217, 1.002580188,
3455.936511891, 1.002782982,
3455.956943465, 1.002370020,
3455.977375239, 1.002591005,
3455.997806913, 1.002451287,
3456.018238487, 1.002449352,
3456.038670261, 1.002327985,
3456.059101934, 1.002364371,
3456.079533608, 1.002426901,
3456.099965281, 1.002738676,
3456.120396954, 1.002596357,
3456.140828627, 1.002728600,
3456.161260300, 1.002364916,
3456.181691973, 1.002651404,
3456.222555319, 1.002467494,
3456.242986992, 1.002511467,
3456.263418664, 1.002327947,
3456.283850336, 1.002537942,
3456.304282009, 1.002359313,
3456.324713781, 1.003007758,
3456.345145353, 1.002658567,
3456.365577025, 1.002643679,
3456.386008797, 1.002652237,
3456.406440369, 1.002679423,
3456.426872041, 1.003101528,
3456.447303812, 1.002935446,
3456.467735384, 1.002880147,
3456.488167055, 1.002736788,
3456.508598827, 1.002587872,
3456.529030398, 1.002567052,
3456.549462069, 1.002617148,
3456.569893840, 1.002506947,
3456.590325511, 1.002526539,
3456.610757082, 1.002803316,
3456.631188853, 1.002899798,
3456.651620523, 1.002996699,
3456.672052094, 1.002702490,
3456.692483864, 1.002652866,
3456.712915535, 1.002649551,
3456.753778875, 1.002691428,
3456.774210545, 1.002580858,
3456.794642315, 1.002846345,
3456.815073885, 1.002486280,
3456.835505555, 1.002317151,
3456.855937325, 1.002634270,
3456.876368894, 1.002593260,
3456.896800564, 1.002926969,
3456.917232333, 1.002755425,
3456.937663903, 1.002606705,
3456.958095572, 1.002780757,
3456.978527241, 1.002826377,
3456.998958910, 1.002895333,
3457.019390579, 1.002629778,
3457.039822248, 1.002537633,
3457.060253917, 1.002649034,
3457.080685585, 1.002762435,
3457.101117254, 1.002817170,
3457.121548922, 1.002665718,
3457.141980691, 1.002794832,
3457.162412359, 1.002621688,
3457.182843927, 1.002957622,
3457.203275695, 1.002795897,
3457.244138931, 1.002795587,
3457.264570699, 1.002867619,
3457.285002367, 1.002808622,
3457.305433935, 1.002782555,
3457.325865702, 1.003012373,
3457.346297370, 1.002874846,
3457.366728937, 1.002890445,
3457.387160704, 1.002870590,
3457.407592372, 1.002867330,
3457.428024039, 1.002911342,
3457.448455706, 1.003034780,
3457.468887373, 1.003041960,
3457.489319040, 1.002800185,
3457.509750707, 1.003130673,
3457.530182373, 1.002631543,
3457.550614140, 1.003119452,
3457.571045806, 1.002970484,
3457.591477373, 1.002973795,
3457.611909139, 1.002937201,
3457.632340805, 1.003019075,
3457.652772372, 1.002759203,
3457.673204138, 1.003012874,
3457.693635804, 1.002946740,
3457.734499136, 1.003013658,
3457.754930801, 1.003036969,
3457.775362367, 1.003220170,
3457.795794133, 1.003785350,
3457.816225698, 1.002805769,
3457.836657364, 1.003130244,
3457.857089129, 1.003075238,
3457.877520694, 1.003482143,
3457.897952359, 1.003756331,
3457.918384124, 1.002978659,
3457.938815689, 1.003077245,
3457.959247454, 1.002944521,
3457.979679119, 1.003008650,
3458.000110784, 1.002963584,
3458.020542449, 1.003229562,
3458.040974113, 1.003269021,
3458.061405778, 1.002985458,
3458.081837442, 1.003171069,
3458.102269106, 1.003099265,
3458.122700771, 1.003400336,
3458.143132535, 1.003668372,
3458.163564099, 1.003180322,
3458.183995763, 1.003261162,
3458.204427527, 1.003223813,
3458.224859091, 1.003654590,
3458.245290755, 1.003452475,
3458.265722518, 1.002896950,
3458.286154082, 1.003348951,
3458.306585745, 1.003192971,
3458.327017509, 1.003405294,
3458.347449072, 1.003674970,
3458.367880836, 1.003194559,
3458.388312499, 1.003103403,
3458.408744162, 1.003299140,
3458.429175825, 1.003239962,
3458.449607488, 1.003187669,
3458.470039151, 1.003285261,
3458.490470814, 1.003544331,
3458.510902477, 1.003295396,
3458.531334139, 1.003512588,
3458.551765802, 1.003565663,
3458.572197464, 1.003403454,
3458.592629127, 1.003062298,
3458.613060789, 1.003350950,
3458.633492452, 1.003585351,
3458.653924014, 1.003166664,
3458.674355776, 1.003956695,
3458.694787438, 1.003457378,
3458.715219200, 1.003497834,
3458.735650762, 1.003443246,
3458.756082424, 1.003182584,
3458.776514186, 1.003557623,
3458.796945748, 1.003347759,
3458.817377409, 1.003371079,
3458.837809171, 1.003666062,
3458.858240732, 1.003739745,
3458.878672394, 1.003593923,
3458.899104155, 1.003613273,
3458.919535716, 1.004305654,
3458.939967377, 1.003602680,
3458.960399139, 1.003430560,
3458.980830800, 1.003867856,
3459.001262361, 1.003677607,
3459.021694122, 1.003536810,
3459.042125783, 1.004008224,
3459.062557343, 1.003586635,
3459.082989104, 1.003569005,
3459.103420765, 1.003836612,
3459.123852525, 1.003619028,
3459.144284086, 1.003852026,
3459.164715746, 1.003827613,
3459.185147506, 1.003723758,
3459.205579067, 1.003865715,
3459.226010727, 1.003578829,
3459.246442387, 1.004105674,
3459.266874047, 1.003721660,
3459.287305707, 1.003753467,
3459.307737467, 1.003813491,
3459.328169027, 1.003947623,
3459.348600687, 1.003837450,
3459.369032347, 1.003796322,
3459.389464006, 1.003575937,
3459.409895666, 1.003856138,
3459.430327325, 1.003839396,
3459.450758985, 1.003704901,
3459.471190644, 1.004258492,
3459.491622404, 1.003583338,
3459.512053963, 1.003938927,
3459.532485722, 1.004016698,
3459.552917381, 1.004057579,
3459.573348940, 1.003891229,
3459.593780699, 1.003962160,
3459.614212358, 1.004036895,
3459.634643917, 1.003890409,
3459.655075676, 1.004014366,
3459.695938894, 1.004011126,
3459.716370652, 1.003992830,
3459.736802311, 1.003744731,
3459.757233869, 1.003853249,
3459.777665628, 1.004216929,
3459.798097286, 1.004224076,
3459.818528944, 1.003773071,
3459.838960603, 1.004032622,
3459.859392261, 1.004260068,
3459.879824019, 1.004308865,
3459.900255677, 1.004135342,
3459.920687235, 1.004078992,
3459.941118993, 1.004014074,
3459.961550651, 1.003931460,
3459.981982209, 1.004097192,
3460.002413966, 1.004063197,
3460.022845624, 1.004306723,
3460.043277182, 1.004218322,
3460.063708939, 1.004168718,
3460.084140497, 1.004120275,
3460.104572154, 1.005669901,
3460.125003912, 1.004112042,
3460.145435469, 1.003951045,
3460.165867126, 1.004111649,
3460.186298884, 1.004069988,
3460.206730441, 1.004060898,
3460.227162198, 1.004421342,
3460.247593855, 1.004105273,
3460.268025412, 1.004427059,
3460.288457169, 1.004358343,
3460.308888826, 1.004205230,
3460.349752139, 1.004001826,
3460.370183796, 1.003962865,
3460.390615453, 1.004224073,
3460.411047109, 1.003964189,
3460.431478766, 1.004156392,
3460.451910422, 1.004370263,
3460.472342179, 1.004167015,
3460.492773735, 1.004580029,
3460.513205391, 1.005112883,
3460.533637148, 1.004247302,
3460.554068704, 1.004419351,
3460.574500360, 1.004423810,
3460.594932116, 1.004630632,
3460.615363672, 1.004745316,
3460.635795428, 1.004490340,
3460.656227084, 1.004100095,
3460.676658640, 1.004462278,
3460.697090396, 1.004431745,
3460.717522052, 1.004600076,
3460.737953707, 1.004400928,
3460.758385363, 1.004463271,
3460.778817019, 1.004199683,
3460.799248674, 1.004369905,
3460.819680330, 1.004547495,
3460.840111985, 1.004230342,
3460.860543641, 1.004444332,
3460.880975296, 1.004233287,
3460.901406951, 1.004436392,
3460.921838507, 1.004360016,
3460.942270262, 1.004535333,
3460.962701917, 1.004479980,
3460.983133672, 1.004607031,
3461.003565227, 1.004199562,
3461.023996882, 1.004723164,
3461.044428637, 1.004187331,
3461.064860192, 1.004538582,
3461.085291847, 1.004626431,
3461.105723602, 1.004731963,
3461.126155156, 1.004673020,
3461.146586811, 1.004582682,
3461.167018566, 1.004526661,
3461.187450120, 1.004765721,
3461.207881775, 1.004474234,
3461.228313530, 1.004645511,
3461.248745084, 1.004321415,
3461.269176738, 1.004719060,
3461.289608493, 1.004619855,
3461.310040147, 1.004505212,
3461.330471801, 1.004925925,
3461.350903456, 1.004693964,
3461.371335110, 1.004764784,
3461.391766764, 1.004791821,
3461.412198418, 1.004639468,
3461.432630072, 1.004785850,
3461.453061826, 1.004671354,
3461.473493380, 1.004469037,
3461.493925034, 1.004705177,
3461.514356788, 1.004971979,
3461.534788342, 1.004583224,
3461.555219996, 1.004839307,
3461.575651749, 1.004756928,
3461.596083303, 1.005023722,
3461.616514957, 1.004846098,
3461.677810018, 1.004713858,
3461.698241571, 1.004972559,
3461.718673224, 1.004451352,
3461.739104978, 1.004760079,
3461.759536531, 1.004941384,
3461.779968185, 1.004888303,
3461.800399938, 1.004928558,
3461.820831591, 1.004873219,
3461.841263144, 1.004716536,
3461.861694897, 1.005247198,
3461.882126551, 1.004999294,
3461.902558104, 1.004997392,
3461.922989857, 1.004797046,
3461.943421510, 1.004934044,
3461.963853063, 1.004836906,
3461.984284816, 1.004891933,
3462.004716469, 1.005097734,
3462.025148221, 1.004746691,
3462.045579774, 1.004869634,
3462.066011427, 1.005167984,
3462.086443180, 1.005059594,
3462.106874732, 1.005089362,
3462.127306385, 1.005049836,
3462.147738138, 1.005274482,
3462.168169690, 1.004763318,
3462.188601343, 1.005051881,
3462.209033095, 1.004937596,
3462.229464648, 1.004986180,
3462.249896300, 1.004996147,
3462.270328053, 1.004797563,
3462.290759705, 1.004882255,
3462.311191257, 1.004905161,
3462.331623010, 1.004975450,
3462.352054662, 1.004891271,
3462.392917966, 1.005082395,
3462.413349518, 1.005344169,
3462.433781270, 1.005036271,
3462.454212923, 1.005112611,
3462.474644575, 1.005527095,
3462.495076227, 1.005052060,
3462.515507879, 1.005181631,
3462.535939431, 1.005068817,
3462.556371182, 1.005275998,
3462.576802834, 1.005220444,
3462.597234386, 1.005263852,
3462.617666138, 1.004954815,
3462.638097790, 1.005246547,
3462.658529442, 1.004975017,
3462.678961093, 1.005412607,
3462.719824497, 1.005152457,
3462.740256048, 1.005130333,
3462.760687700, 1.005254196,
3462.781119451, 1.005469188,
3462.801551103, 1.005257439,
3462.821982654, 1.005408147,
3462.842414406, 1.005284062,
3462.862846057, 1.005050026,
3462.903709360, 1.004105021,
3462.924141011, 1.004310340,
3462.944572563, 1.004213148,
3462.965004314, 1.004059046,
3462.985435965, 1.004737510,
3463.005867516, 1.005280271,
3463.026299268, 1.005441001,
3463.046730919, 1.005011697,
3463.067162670, 1.005556978,
3463.087594221, 1.004870484,
3463.148889174, 1.006116271,
3463.169320825, 1.005367180,
3463.189752476, 1.005332830,
3463.210184127, 1.005449024,
3463.230615778, 1.005529714,
3463.251047429, 1.005433056,
3463.271479080, 1.005874432,
3463.291910731, 1.005669567,
3463.312342382, 1.006467047,
3463.332774033, 1.005705020,
3463.373637434, 1.005537557,
3463.394068985, 1.005768260,
3463.414500735, 1.005617953,
3463.434932386, 1.005805881,
3463.455363937, 1.005364381,
3463.475795687, 1.005686135,
3463.496227338, 1.006407228,
3463.516658889, 1.005576067,
3463.537090639, 1.005601854,
3463.557522290, 1.005540819,
3463.577953840, 1.005233076,
3463.639248892, 1.005629306,
3463.659680542, 1.005383203,
3463.680112193, 1.005436109,
3463.700543943, 1.005623513,
3463.720975493, 1.005812696,
3463.741407144, 1.005512183,
3463.761838894, 1.005667736,
3463.782270544, 1.005743203,
3463.802702095, 1.005871208,
3463.823133845, 1.005695892,
3463.843565495, 1.005864334,
3463.863997046, 1.005943681,
3463.884428796, 1.005981528,
3463.904860446, 1.005719980,
3463.925291996, 1.005790090,
3463.945723746, 1.005857438,
3463.966155296, 1.005865490,
3463.986586947, 1.005693502,
3464.007018697, 1.005756802,
3464.027450247, 1.005937780,
3464.047881997, 1.006053413,
3464.068313647, 1.006104501,
3464.109176947, 1.006002889,
3464.129608597, 1.005921950,
3464.150040147, 1.005989733,
3464.170471897, 1.006133596,
3464.190903547, 1.005935790,
3464.211335197, 1.006303647,
3464.231766847, 1.005900679,
3464.252198497, 1.005973967,
3464.272630147, 1.006111352,
3464.293061896, 1.005906662,
3464.313493446, 1.005833538,
3464.354356846, 1.006202102,
3464.374788396, 1.006174882,
3464.395220146, 1.005959093,
3464.415651795, 1.006118944,
3464.436083345, 1.005915607,
3464.456515095, 1.006078329,
3464.476946745, 1.006020573,
3464.497378295, 1.006485461,
3464.517810044, 1.005859816,
3464.538241694, 1.006025778,
3464.558673244, 1.006325940,
3464.599536643, 1.006094914,
3464.619968293, 1.006050394,
3464.640399942, 1.006113567,
3464.660831592, 1.006290107,
3464.681263342, 1.006103635,
3464.701694891, 1.006304400,
3464.722126541, 1.006229904,
3464.742558191, 1.006192988,
3464.762989840, 1.006011421,
3464.783421490, 1.006167367,
3464.803853239, 1.006138914,
3464.824284789, 1.006029121,
3464.844716439, 1.006343195,
3464.865148188, 1.006414387,
3464.885579738, 1.006299762,
3464.906011387, 1.006537423,
3464.926443137, 1.006114858,
3464.946874686, 1.005970196,
3464.967306436, 1.006070156,
3464.987738085, 1.006014368,
3465.008169635, 1.006023007,
3465.028601384, 1.006360824,
3465.049033034, 1.005949803,
3465.089896333, 1.006129726,
3465.110327982, 1.006272656,
3465.130759632, 1.006330785,
3465.151191281, 1.006426108,
3465.171622931, 1.006209301,
3465.192054580, 1.009990448,
3465.212486230, 1.006569716,
3465.232917879, 1.006277313,
3465.253349528, 1.006070335,
3465.273781278, 1.006257797,
3465.294212827, 1.006377924,
3465.335076226, 1.006463966,
3465.355507776, 1.006684807,
3465.375939525, 1.006133816,
3465.396371174, 1.006391820,
3465.416802724, 1.006554763,
3465.437234473, 1.006429650,
3465.457666023, 1.006592712,
3465.478097672, 1.006562141,
3465.498529422, 1.006340369,
3465.518960971, 1.006837276,
3465.539392620, 1.006211927,
3465.580255919, 1.006385542,
3465.600687668, 1.006393972,
3465.621119318, 1.006641458,
3465.641550967, 1.007032336,
3465.661982617, 1.006551237,
3465.682414266, 1.006665325,
3465.723277565, 1.006633863,
3465.743709214, 1.006723876,
3465.764140864, 1.006883072,
3465.784572513, 1.007002414,
3465.825435812, 1.006640555,
3465.845867561, 1.006951027,
3465.866299111, 1.007004055,
3465.886730860, 1.006837576,
3465.907162510, 1.006889065,
3465.927594059, 1.006814700,
3465.948025808, 1.006988832,
3465.968457458, 1.007366985,
3465.988889007, 1.006517212,
3466.009320757, 1.006618803,
3466.029752406, 1.006829872,
3466.070615705, 1.007174814,
3466.091047354, 1.007045216,
3466.111479004, 1.007024440,
3466.131910653, 1.006768653,
3466.152342303, 1.006974683,
3466.172773952, 1.007564364,
3466.213637251, 1.006905970,
3466.234068901, 1.006957446,
3466.254500550, 1.006995848,
3466.274932200, 1.006598589,
3466.315795499, 1.007087701,
3466.336227148, 1.006879427,
3466.356658898, 1.007416030,
3466.377090447, 1.007168536,
3466.397522097, 1.006644757,
3466.417953846, 1.007168974,
3466.438385396, 1.007015324,
3466.458817145, 1.007331150,
3466.479248795, 1.007026526,
3466.499680345, 1.007043828,
3466.540543744, 1.007248057,
3466.581407043, 1.007293121,
3466.601838693, 1.006887308,
3466.622270242, 1.007093678,
3466.642701992, 1.007066419,
3466.663133642, 1.006810215,
3466.683565291, 1.006775299,
3466.703996941, 1.007354873,
3466.724428591, 1.007059479,
3466.744860340, 1.007091267,
3466.765291890, 1.007120484,
3466.806155290, 1.007126453,
3466.826586939, 1.007238005,
3466.847018489, 1.007029245,
3466.867450239, 1.007269946,
3466.887881889, 1.007195064,
3466.908313439, 1.007082101,
3466.928745188, 1.006998708,
3466.949176838, 1.006982830,
3466.969608388, 1.006926209,
3466.990040138, 1.007136031,
3467.010471688, 1.007508002,
3467.051335088, 1.007388908,
3467.071766637, 1.007774556,
3467.092198387, 1.010001765,
3467.112630037, 1.007126999,
3467.133061587, 1.007287728,
3467.153493337, 1.007479506,
3467.173924987, 1.007252912,
3467.194356637, 1.007446988,
3467.214788287, 1.007270381,
3467.235219937, 1.007511286,
3467.255651587, 1.007835353,
3467.296514888, 1.007141786,
3467.316946638, 1.007396524,
3467.337378288, 1.007366792,
3467.357809838, 1.007404292,
3467.378241588, 1.007325900,
3467.398673238, 1.007670490,
3467.419104789, 1.007325145,
3467.439536539, 1.007427920,
3467.459968189, 1.007198300,
3467.480399739, 1.007603887,
3467.500831490, 1.007785416,
3467.562126441, 1.007336479,
3467.582558091, 1.007445156,
3467.602989841, 1.007252934,
3467.623421392, 1.007418018,
3467.643853042, 1.007398398,
3467.684716343, 1.007630580,
3467.705147993, 1.007572123,
3467.725579744, 1.007665419,
3467.746011295, 1.007291592,
3467.786874596, 1.007458526,
3467.807306246, 1.007146985,
3467.827737897, 1.007647412,
3467.848169648, 1.007467053,
3467.868601198, 1.007817520,
3467.889032949, 1.007667003,
3467.909464600, 1.007475335,
3467.929896150, 1.007819178,
3467.950327901, 1.007745352,
3467.970759552, 1.007591299,
3467.991191103, 1.007737881,
3468.032054504, 1.007742443,
3468.052486055, 1.007657660,
3468.072917806, 1.008247249,
3468.093349457, 1.007645804,
3468.113781008, 1.007975696,
3468.134212759, 1.008841828,
3468.154644410, 1.007713482,
3468.175076161, 1.007857596,
3468.195507712, 1.007772392,
3468.215939363, 1.007681353,
3468.236371115, 1.007715419,
3468.277234317, 1.007973285,
3468.297666068, 1.007814646,
3468.318097719, 1.007615032,
3468.338529271, 1.007835249,
3468.358961022, 1.008150420,
3468.379392673, 1.008072968,
3468.399824225, 1.008089213,
3468.420255976, 1.008211262,
3468.440687627, 1.008269605,
3468.461119279, 1.008060916,
3468.481550930, 1.008318035,
3468.522414233, 1.007945570,
3468.542845885, 1.007852349,
3468.563277436, 1.007957181,
3468.583709188, 1.007658580,
3468.604140840, 1.008143770,
3468.624572391, 1.008054700,
3468.645004143, 1.007916644,
3468.665435795, 1.008166040,
3468.685867547, 1.008109167,
3468.706299099, 1.008617492,
3468.726730750, 1.008523572,
3468.767594054, 1.008049193,
3468.788025706, 1.008260008,
3468.808457458, 1.008467894,
3468.828889110, 1.008149201,
3468.849320662, 1.008259895,
3468.869752414, 1.008215340,
3468.890184066, 1.008061501,
3468.910615618, 1.008218709,
3468.931047371, 1.008187635,
3468.951479023, 1.008353499,
3468.971910775, 1.008391612,
3469.012773980, 1.007841271,
3469.033205732, 1.008055493,
3469.053637284, 1.008136730,
3469.074068937, 1.008136572,
3469.094500689, 1.008251186,
3469.114932242, 1.008180939,
3469.135363894, 1.008358709,
3469.155795647, 1.008348886,
3469.176227200, 1.008280711,
3469.196658852, 1.008509080,
3469.217090605, 1.008174428,
3469.237522158, 1.008525204,
3469.257953910, 1.008685688,
3469.278385463, 1.008564255,
3469.298817116, 1.008056744,
3469.319248869, 1.008439000,
3469.339680522, 1.008395350,
3469.360112075, 1.008611393,
3469.380543828, 1.008408583,
